time,force,ppg0,0,0
0.21637320518493652,-66.40000000000003,3221.9
0.4425163269042969,-72.00000000000006,3213.3
0.624208927154541,-72.00000000000006,3203.0
0.736638069152832,-72.00000000000006,3199.1
0.8632359504699707,-72.00000000000006,3196.4
1.0132761001586914,-77.60000000000002,3190.7
1.1251821517944336,-77.60000000000002,3174.9
1.2805776596069336,-66.40000000000003,3220.5
1.4305295944213867,-72.00000000000006,3253.8
1.598724126815796,-66.40000000000003,3246.6
1.7630107402801514,-83.19999999999999,3212.2
1.9144909381866455,-88.80000000000001,3164.6
2.080803632736206,-88.80000000000001,3129.9
2.246089220046997,-83.19999999999999,3141.8
2.4075942039489746,-55.200000000000045,3241.5
2.5631253719329834,-32.80000000000001,3325.5
2.7277417182922363,-16.0,3338.2
2.8869237899780273,-10.400000000000034,3344.4
3.047199010848999,-16.0,3353.8
3.2031819820404053,-16.0,3352.5
3.363497495651245,-10.400000000000034,3353.3
3.529736280441284,-16.0,3357.2
3.6815953254699707,-16.0,3358.6
3.846355438232422,-21.599999999999966,3358.5
4.028822422027588,-16.0,3360.4
4.1779468059539795,-16.0,3362.7
4.327584743499756,-16.0,3361.4
4.478564977645874,-21.599999999999966,3362.1
4.645758867263794,-16.0,3363.4
4.811582326889038,-16.0,3365.4
4.961724519729614,-16.0,3364.1
5.127375602722168,40.19999999999999,3355.2
5.301974534988403,12.0,3354.7
5.447554588317871,40.19999999999999,3356.1
5.612203359603882,54.0,3347.9
5.76095986366272,42.5,3350.9
5.926491022109985,40.19999999999999,3355.0
6.086303234100342,12.0,3358.3
6.252092123031616,12.0,3357.1
6.410068511962891,40.19999999999999,3356.0
6.576540946960449,6.399999999999977,3357.4
6.726948022842407,12.0,3360.4
6.893536567687988,40.19999999999999,3359.7
7.043028116226196,40.19999999999999,3357.2
7.210184097290039,40.19999999999999,3357.8
7.376054763793945,12.0,3360.3
7.527998447418213,-32.80000000000001,3379.9
7.692521095275879,-49.60000000000002,3392.4
7.855356216430664,-38.39999999999998,3392.4
8.010424613952637,-44.0,3392.5
8.175179243087769,-55.200000000000045,3396.7
8.329393863677979,-60.80000000000001,3394.7
8.493515968322754,-66.40000000000003,3388.1
8.659378290176392,-77.60000000000002,3385.7
8.807496070861816,-88.80000000000001,3374.7
8.976723194122314,-88.80000000000001,3355.9
9.133360147476196,-88.80000000000001,3333.6
9.30660605430603,-83.19999999999999,3322.0
9.457560300827026,49.400000000000006,3294.8
9.60965085029602,40.19999999999999,3305.6
9.773236513137817,6.399999999999977,3308.7
9.942359209060669,0.7999999999999545,3312.3
10.117234706878662,-4.800000000000011,3317.9
10.260478019714355,-10.400000000000034,3324.9
10.408684253692627,-4.800000000000011,3325.4
10.574463605880737,-4.800000000000011,3323.4
10.740957975387573,-4.800000000000011,3325.1
10.907277822494507,-10.400000000000034,3330.2
11.059712648391724,-4.800000000000011,3332.2
11.224407434463501,47.099999999999994,3322.0
11.37287712097168,44.80000000000001,3324.8
11.540441989898682,51.70000000000002,3328.4
11.690340280532837,47.099999999999994,3333.8
11.856855154037476,42.5,3334.2
12.024787425994873,42.5,3334.9
12.20440936088562,12.0,3337.3
12.364412069320679,40.19999999999999,3340.7
12.489181995391846,40.19999999999999,3343.0
12.660703420639038,40.19999999999999,3339.6
12.822015762329102,40.19999999999999,3342.4
12.972366571426392,40.19999999999999,3345.1
13.155455112457275,40.19999999999999,3347.5
13.304970741271973,42.5,3343.5
13.471737146377563,40.19999999999999,3344.0
13.622828245162964,42.5,3345.3
13.788925886154175,49.400000000000006,3347.7
13.964110851287842,51.70000000000002,3345.9
14.154340505599976,56.30000000000001,3343.1
14.352652311325073,56.30000000000001,3345.3
14.505724668502808,49.400000000000006,3348.6
14.69842791557312,51.70000000000002,3351.5
14.882421493530273,54.0,3346.1
15.055305480957031,51.70000000000002,3348.3
15.207925796508789,54.0,3351.2
15.410759687423706,49.400000000000006,3353.5
15.570074319839478,47.099999999999994,3350.4
15.720410108566284,47.099999999999994,3352.0
15.868254661560059,42.5,3354.2
16.02068781852722,47.099999999999994,3351.3
16.215139627456665,44.80000000000001,3349.4
16.3606219291687,47.099999999999994,3349.5
16.507198333740234,44.80000000000001,3351.9
16.66911244392395,44.80000000000001,3350.5
16.869345903396606,47.099999999999994,3346.0
17.018104553222656,49.400000000000006,3345.5
17.176977157592773,51.70000000000002,3347.3
17.316896438598633,51.70000000000002,3348.0
17.486432790756226,51.70000000000002,3343.8
17.668496131896973,51.70000000000002,3345.0
17.85877013206482,49.400000000000006,3347.4
18.016508102416992,60.89999999999998,3348.9
18.17625141143799,56.30000000000001,3343.2
18.33491015434265,58.599999999999994,3345.6
18.48840069770813,58.599999999999994,3348.9
18.718928575515747,58.599999999999994,3351.6
18.88454270362854,58.599999999999994,3346.1
19.052536964416504,58.599999999999994,3347.0
19.215612173080444,67.79999999999998,3349.3
19.410662412643433,60.89999999999998,3352.3
19.617323398590088,65.5,3348.0
19.818589448928833,67.79999999999998,3350.5
20.004744052886963,65.5,3354.1
20.224504470825195,63.19999999999999,3354.8
20.39906620979309,67.79999999999998,3352.8
20.602590322494507,67.79999999999998,3355.7
20.767541646957397,65.5,3358.7
20.983128547668457,70.1,3352.3
21.2167489528656,67.79999999999998,3353.9
21.390750885009766,72.4,3360.0
21.598172903060913,77.0,3355.0
21.79803991317749,77.0,3354.0
22.000441074371338,74.70000000000002,3360.6
22.207026958465576,72.4,3358.6
22.38261890411377,72.4,3355.1
22.559351205825806,70.1,3357.2
22.7476806640625,74.70000000000002,3361.3
22.948805809020996,77.0,3355.6
23.13304090499878,77.0,3358.8
23.335788249969482,79.30000000000001,3363.6
23.518338918685913,79.30000000000001,3366.4
23.697234392166138,79.30000000000001,3355.1
23.885475635528564,79.30000000000001,3357.8
24.06500482559204,83.9,3366.0
24.256486415863037,79.30000000000001,3356.3
24.433473348617554,83.9,3358.1
24.646090745925903,83.9,3361.4
24.83133554458618,79.30000000000001,3365.6
25.029328107833862,86.19999999999999,3359.2
25.223108053207397,81.60000000000002,3361.8
25.40514039993286,86.19999999999999,3367.0
25.630178451538086,93.1,3362.7
25.8299458026886,88.5,3361.8
26.02846360206604,95.4,3370.7
26.29746103286743,100.0,3363.2
26.479820489883423,100.0,3360.2
26.697180032730103,104.6,3369.9
26.9135799407959,102.30000000000001,3365.3
27.114459991455078,102.30000000000001,3356.9
27.331321716308594,100.0,3368.7
27.545585870742798,97.69999999999999,3366.5
27.77060580253601,97.69999999999999,3357.1
27.97404980659485,106.9,3371.2
28.18034315109253,106.9,3374.3
28.40069580078125,111.5,3358.8
28.627654790878296,116.10000000000002,3377.6
28.898399353027344,111.5,3378.9
29.170408964157104,113.80000000000001,3363.0
29.412498712539673,118.4,3379.5
29.627320528030396,113.80000000000001,3357.7
29.827272176742554,113.80000000000001,3365.1
30.059682607650757,116.10000000000002,3382.3
30.282650232315063,116.10000000000002,3360.4
30.520153284072876,118.4,3367.9
30.79413604736328,118.4,3384.3
31.00981330871582,127.60000000000002,3374.3
31.228914499282837,127.60000000000002,3382.0
31.47871708869934,123.00000000000003,3388.5
31.707322359085083,129.89999999999998,3373.3
31.919012784957886,129.89999999999998,3379.7
32.18531656265259,132.2,3366.3
32.40469694137573,143.7,3375.8
32.64077854156494,139.09999999999997,3389.0
32.85758304595947,129.89999999999998,3365.8
33.0929696559906,134.5,3380.8
33.31476140022278,132.2,3387.7
33.54140305519104,134.5,3368.7
33.808685064315796,134.5,3383.9
34.06144642829895,136.79999999999995,3389.0
34.32624006271362,134.5,3375.7
34.55652165412903,134.5,3388.8
34.82558488845825,134.5,3366.9
35.06723952293396,139.09999999999997,3382.0
35.30728459358215,139.09999999999997,3388.7
35.55766797065735,139.09999999999997,3376.8
35.82364249229431,143.7,3384.7
36.09031581878662,141.39999999999998,3371.6
36.39055323600769,146.0,3386.6
36.64003777503967,141.39999999999998,3372.1
36.88796067237854,143.7,3379.9
37.13021993637085,141.39999999999998,3390.4
37.37223410606384,141.39999999999998,3367.0
37.622132539749146,143.7,3385.8
37.87196183204651,146.0,3390.0
38.129865407943726,150.59999999999997,3382.0
38.3788001537323,173.60000000000002,3386.9
38.70773148536682,173.60000000000002,3380.7
38.98872518539429,173.60000000000002,3388.0
39.303032636642456,178.20000000000005,3379.5
39.61875057220459,189.7,3388.5
39.871660232543945,180.5,3380.0
