time,force,ppg,sys_bp,dia_bp
0.15311312675476074,48.5,79560.0,134,88
0.25656914710998535,134.548,110221.0
0.3602910041809082,143.556,116949.0
0.4660146236419678,143.556,118916.0
0.6306281089782715,141.304,119206.0
0.7354891300201416,145.808,119493.0
0.8402326107025146,141.304,119574.0
0.9457757472991943,136.79999999999998,119610.0
1.111351728439331,136.79999999999998,119922.0
1.217998743057251,115.69999999999999,119466.0
1.3217439651489258,110.10000000000002,118495.0
1.4266674518585205,98.90000000000003,118137.0
1.5913734436035156,93.30000000000007,116014.0
1.6959385871887207,82.10000000000002,113676.0
1.8007066249847412,93.30000000000007,112154.0
1.9065120220184326,110.10000000000002,113735.0
2.072932481765747,126.90000000000003,117544.0
2.1777303218841553,134.548,118381.0
2.2823705673217773,136.79999999999998,118655.0
2.387299060821533,121.30000000000001,118930.0
2.5527491569519043,110.10000000000002,118048.0
2.656714916229248,110.10000000000002,117400.0
2.7606489658355713,98.90000000000003,117227.0
2.866558313369751,98.90000000000003,116999.0
3.032926082611084,98.90000000000003,116977.0
3.1367132663726807,110.10000000000002,117403.0
3.242556571960449,104.5,117133.0
3.3472392559051514,110.10000000000002,116640.0
3.512657880783081,115.69999999999999,117730.0
3.6175265312194824,121.30000000000001,118030.0
3.7212345600128174,121.30000000000001,118283.0
3.826373338699341,115.69999999999999,118354.0
3.993816375732422,110.10000000000002,117481.0
4.098740577697754,110.10000000000002,117629.0
4.202314376831055,110.10000000000002,117496.0
4.3079657554626465,115.69999999999999,117610.0
4.473536252975464,110.10000000000002,116916.0
4.577248811721802,115.69999999999999,117041.0
4.683960914611816,121.30000000000001,117521.0
4.787727117538452,121.30000000000001,117588.0
4.953245162963867,121.30000000000001,118148.0
5.057982683181763,115.69999999999999,117696.0
5.161981105804443,121.30000000000001,117043.0
5.266759872436523,121.30000000000001,117303.0
5.434609889984131,115.69999999999999,117679.0
5.538552522659302,121.30000000000001,118003.0
5.643571138381958,126.90000000000003,118217.0
5.748414754867554,126.90000000000003,117651.0
5.912822008132935,121.30000000000001,117700.0
6.018645524978638,115.69999999999999,117546.0
6.122470378875732,115.69999999999999,117651.0
6.226173639297485,115.69999999999999,117810.0
6.396208047866821,104.5,116021.0
6.499518632888794,110.10000000000002,116024.0
6.603993654251099,110.10000000000002,115854.0
6.709794282913208,110.10000000000002,115871.0
6.874271869659424,115.69999999999999,116639.0
6.978203058242798,115.69999999999999,115859.0
7.083723783493042,110.10000000000002,116208.0
7.188573598861694,121.30000000000001,116757.0
7.353368520736694,121.30000000000001,117413.0
7.457990884780884,126.90000000000003,117705.0
7.562711238861084,134.548,117392.0
7.667591571807861,126.90000000000003,116762.0
7.833737134933472,126.90000000000003,117504.0
7.938538312911987,126.90000000000003,117682.0
8.04323410987854,126.90000000000003,117927.0
8.148866176605225,126.90000000000003,118103.0
8.315517663955688,121.30000000000001,116953.0
8.420286655426025,115.69999999999999,117121.0
8.525857925415039,115.69999999999999,116896.0
8.630670070648193,115.69999999999999,116972.0
8.795224666595459,115.69999999999999,116567.0
8.899860620498657,115.69999999999999,115431.0
9.004687547683716,110.10000000000002,115738.0
9.109452724456787,110.10000000000002,116134.0
9.274855852127075,104.5,116530.0
9.37972378730774,104.5,116768.0
9.48451542854309,110.10000000000002,116488.0
9.5900137424469,110.10000000000002,115586.0
9.756678581237793,115.69999999999999,116324.0
9.86143183708191,126.90000000000003,116613.0
9.966084241867065,134.548,117295.0
10.070805311203003,134.548,117954.0
10.23571515083313,126.90000000000003,117206.0
10.340566873550415,115.69999999999999,117394.0
10.445131540298462,115.69999999999999,117011.0
10.550852298736572,115.69999999999999,116791.0
10.715613603591919,115.69999999999999,117235.0
10.820304870605469,121.30000000000001,116440.0
10.92500376701355,134.548,116408.0
11.029731273651123,126.90000000000003,117270.0
11.19727611541748,126.90000000000003,117718.0
11.300997018814087,126.90000000000003,117997.0
11.405716896057129,121.30000000000001,118166.0
11.510459661483765,115.69999999999999,117345.0
11.67602276802063,115.69999999999999,117041.0
11.780717611312866,115.69999999999999,117003.0
11.885440349578857,121.30000000000001,117307.0
11.991156578063965,115.69999999999999,117622.0
12.157711029052734,126.90000000000003,116798.0
12.262422800064087,134.548,117302.0
12.367148637771606,126.90000000000003,117723.0
12.471867084503174,126.90000000000003,117658.0
12.63642954826355,121.30000000000001,118204.0
12.740146160125732,115.69999999999999,117811.0
12.845872402191162,115.69999999999999,116903.0
12.950652599334717,115.69999999999999,117029.0
13.118144035339355,126.90000000000003,117740.0
13.222856283187866,134.548,118222.0
13.32658338546753,136.79999999999998,118713.0
13.431304216384888,136.79999999999998,118703.0
13.598857164382935,141.304,118938.0
13.703744173049927,136.79999999999998,118829.0
13.807360410690308,139.052,118734.0
13.912074565887451,136.79999999999998,119043.0
14.07673716545105,136.79999999999998,117954.0
14.181661128997803,126.90000000000003,117836.0
14.288286924362183,134.548,118191.0
14.392008066177368,136.79999999999998,118181.0
14.55856466293335,136.79999999999998,119010.0
14.663287878036499,141.304,118913.0
14.76799726486206,141.304,118044.0
14.87271785736084,141.304,118156.0
15.037448167800903,141.304,118881.0
15.142120599746704,139.052,119230.0
15.247716665267944,136.79999999999998,119543.0
15.35343599319458,136.79999999999998,119398.0
15.51800799369812,139.052,118761.0
15.624706029891968,148.06,118922.0
15.727506875991821,145.808,119132.0
15.832157135009766,148.06,119573.0
15.999709367752075,150.312,119383.0
16.106441259384155,154.81599999999997,119323.0
16.208150148391724,150.312,119869.0
16.313867807388306,152.564,119881.0
16.47943091392517,150.312,120329.0
16.584146738052368,152.564,120377.0
16.709805250167847,150.312,119461.0
16.794676303863525,150.312,119198.0
16.960143089294434,145.808,119354.0
17.073832750320435,141.304,119493.0
17.16957688331604,139.052,119631.0
17.273342609405518,134.548,119540.0
17.441856145858765,136.79999999999998,118504.0
17.55753993988037,139.052,118565.0
17.65429186820984,143.556,118634.0
17.75601863861084,143.556,119062.0
17.92057466506958,145.808,119205.0
18.034265518188477,152.564,118956.0
18.133998155593872,152.564,119537.0
18.234732389450073,150.312,119753.0
18.40029549598694,154.81599999999997,120480.0
18.518985509872437,154.81599999999997,120706.0
18.655604362487793,157.06799999999998,120188.0
18.767306327819824,154.81599999999997,119523.0
18.888457775115967,157.06799999999998,120067.0
18.99817705154419,154.81599999999997,120233.0
19.12782907485962,152.564,120442.0
19.236539125442505,154.81599999999997,120559.0
19.35934591293335,152.564,119565.0
19.46393084526062,157.06799999999998,120015.0
19.58261799812317,152.564,120119.0
19.680352210998535,152.564,120271.0
19.842033624649048,148.06,120554.0
19.946357250213623,152.564,119616.0
20.05290651321411,154.81599999999997,119715.0
20.156630754470825,159.32,120202.0
20.322194576263428,163.82399999999998,121040.0
20.446878671646118,163.82399999999998,121334.0
20.582491636276245,161.572,121378.0
20.691211700439453,163.82399999999998,120576.0
20.804910898208618,161.572,121104.0
20.905628442764282,163.82399999999998,121065.0
21.025306940078735,161.572,121341.0
21.115066051483154,163.82399999999998,121603.0
21.28165888786316,163.82399999999998,120509.0
21.413133144378662,163.82399999999998,121005.0
21.534260034561157,161.572,121193.0
21.63100028038025,168.328,121212.0
21.762930154800415,168.328,122257.0
21.869640588760376,170.58,121590.0
21.980345487594604,170.58,121048.0
22.07608962059021,172.832,121528.0
22.243645906448364,172.832,122005.0
22.347574710845947,172.832,122366.0
22.46205711364746,170.58,122631.0
22.56478261947632,177.336,122131.0
22.72236204147339,177.336,122490.0
22.827019691467285,177.336,122384.0
22.94869112968445,175.084,122651.0
23.047426462173462,179.588,123044.0
23.20308518409729,177.336,122168.0
23.307782888412476,179.588,122755.0
23.42741060256958,181.83999999999997,123140.0
23.529138565063477,184.09199999999998,122925.0
23.683730602264404,181.83999999999997,123442.0
23.81440043449402,184.09199999999998,122496.0
23.934081554412842,181.83999999999997,122146.0
24.03680658340454,181.83999999999997,122673.0
24.162564277648926,179.588,122881.0
24.27813172340393,179.588,123168.0
24.39980673789978,181.83999999999997,123047.0
24.507518768310547,179.588,122030.0
24.64327335357666,181.83999999999997,122502.0
24.752863883972168,181.83999999999997,122499.0
24.881465673446655,179.588,122792.0
24.990175008773804,181.83999999999997,123047.0
25.12382459640503,181.83999999999997,122190.0
25.2325279712677,181.83999999999997,122617.0
25.360213041305542,181.83999999999997,122497.0
25.475876569747925,184.09199999999998,122695.0
25.607524633407593,186.344,122702.0
25.79801869392395,186.344,122114.0
25.96562623977661,186.344,122680.0
26.10723853111267,184.09199999999998,123390.0
26.27080249786377,188.596,123565.0
26.404444217681885,188.596,122605.0
26.564017295837402,190.84799999999998,122878.0
26.69468855857849,190.84799999999998,123238.0
26.864215850830078,188.596,123619.0
27.01282000541687,193.1,123703.0
27.17737889289856,193.1,123066.0
27.30804705619812,195.352,122985.0
27.453653573989868,195.352,123418.0
27.576313495635986,193.1,123034.0
27.72691011428833,197.60399999999998,122487.0
27.874515533447266,199.856,123216.0
28.04107141494751,204.36,124485.0
28.21759867668152,208.864,124958.0
28.381160736083984,215.62,123400.0
28.513806104660034,217.872,124782.0
28.658470630645752,220.12400000000002,124954.0
28.799067735671997,217.872,125508.0
28.944703817367554,211.116,125804.0
29.070341110229492,211.116,123845.0
29.212960481643677,206.612,124747.0
29.361563444137573,208.864,124566.0
29.51216197013855,208.864,125620.0
29.645827531814575,213.36800000000002,124134.0
29.800414085388184,213.36800000000002,123750.0
29.9411301612854,215.62,125219.0
30.0917546749115,211.116,125690.0
30.224382162094116,215.62,125835.0
30.37497067451477,215.62,124381.0
30.510607957839966,220.12400000000002,125172.0
30.661206007003784,220.12400000000002,125015.0
30.802826642990112,231.384,126214.0
30.960405588150024,224.62799999999996,124471.0
31.100497722625732,226.87999999999997,125723.0
31.252092361450195,229.13199999999998,125567.0
31.399722576141357,229.13199999999998,126380.0
31.55627751350403,226.87999999999997,124659.0
31.69391131401062,231.384,124192.0
31.856476545333862,231.384,125843.0
31.997100830078125,231.384,126324.0
32.15669059753418,233.636,126439.0
32.29732608795166,238.13999999999996,124766.0
32.4548761844635,235.888,125781.0
32.598522663116455,240.39199999999997,126161.0
32.77302646636963,240.39199999999997,126529.0
32.926615715026855,242.64399999999998,124620.0
33.08818292617798,247.148,126018.0
33.23380160331726,244.896,125837.0
33.39835476875305,242.64399999999998,126794.0
33.54499292373657,247.148,124655.0
33.71251463890076,244.896,125540.0
33.868098974227905,247.148,126335.0
34.03764510154724,247.148,126794.0
34.191235065460205,247.148,126970.0
34.36180090904236,251.65200000000002,126295.0
34.514394760131836,249.4,126064.0
34.68594288825989,251.65200000000002,126572.0
34.84249424934387,251.65200000000002,126661.0
35.013535022735596,265.164,125824.0
35.169118881225586,256.15599999999995,126674.0
35.3386664390564,258.40799999999996,126807.0
35.42065501213074,253.90399999999997,127020.0
35.613134145736694,253.90399999999997,126398.0
35.788174629211426,253.90399999999997,126426.0
35.95173788070679,253.90399999999997,126143.0
36.12627148628235,244.896,126818.0
36.28085803985596,249.4,126579.0
36.45439338684082,251.65200000000002,125946.0
36.61097550392151,253.90399999999997,126747.0
36.791491985321045,258.40799999999996,127177.0
36.9610390663147,260.65999999999997,127410.0
37.13756704330444,258.40799999999996,126890.0
37.29814171791077,258.40799999999996,126912.0
37.4746835231781,260.65999999999997,127153.0
37.639243602752686,258.40799999999996,126219.0
37.82575583457947,260.65999999999997,125974.0
37.996289014816284,253.90399999999997,127106.0
38.17483353614807,253.90399999999997,127490.0
38.34139323234558,251.65200000000002,127574.0
38.52088713645935,256.15599999999995,125520.0
38.68843960762024,256.15599999999995,127068.0
38.87494087219238,267.416,127813.0
39.04751229286194,269.668,127920.0
39.23247694969177,269.668,126698.0
39.40204405784607,278.67599999999993,127647.0
39.587528705596924,287.68399999999997,128330.0
39.77052187919617,278.67599999999993,127266.0
39.96400547027588,274.17199999999997,127717.0
40.13708710670471,274.17199999999997,127808.0
40.33253264427185,271.91999999999996,128070.0
40.50706696510315,274.17199999999997,127605.0
40.6985547542572,276.424,127455.0
40.877076864242554,278.67599999999993,127725.0
41.07855582237244,285.43199999999996,126627.0
41.2610559463501,280.92799999999994,127576.0
41.456528663635254,283.17999999999995,127668.0
41.63604807853699,287.68399999999997,128110.0
41.831526041030884,289.9359999999999,126913.0
42.01604247093201,285.43199999999996,127996.0
42.217493772506714,287.68399999999997,128250.0
42.399009227752686,289.9359999999999,128355.0
42.59747791290283,296.69199999999995,128142.0
42.78815484046936,292.18799999999993,128030.0
42.9955997467041,292.18799999999993,127788.0
43.18309831619263,289.9359999999999,127155.0
43.385557889938354,292.18799999999993,128215.0
43.570063829422,303.448,128647.0
43.77352023124695,301.19599999999997,128528.0
43.96002149581909,292.18799999999993,128142.0
44.18143177032471,298.94399999999996,128466.0
44.36992645263672,303.448,127634.0
44.57638144493103,301.19599999999997,128340.0
44.77085876464844,303.448,128271.0
44.98577427864075,303.448,128697.0
45.18268823623657,305.69999999999993,127576.0
45.392127990722656,307.95199999999994,128465.0
45.59949827194214,307.95199999999994,128655.0
45.808937788009644,307.95199999999994,128593.0
46.00840520858765,310.20399999999995,128411.0
46.226821184158325,314.70799999999997,128721.0
46.42625856399536,312.45599999999996,128005.0
46.64820432662964,314.70799999999997,128673.0
46.84864521026611,314.70799999999997,128848.0
47.07503890991211,316.96,128196.0
47.2805061340332,321.464,128685.0
47.49591398239136,321.464,128841.0
47.696377992630005,319.212,128897.0
47.93228340148926,316.96,128629.0
48.140727281570435,316.96,128747.0
48.364139556884766,321.464,128198.0
48.57456707954407,323.71599999999995,128685.0
48.79753565788269,325.96799999999996,128971.0
49.00700807571411,334.97599999999994,128738.0
49.23538398742676,332.724,128792.0
49.442811489105225,332.724,128911.0
49.67020320892334,339.47999999999996,129089.0
49.88762164115906,343.9839999999999,129003.0
50.12498426437378,343.9839999999999,128967.0
50.34437870979309,332.724,128093.0
50.572768688201904,330.472,128827.0
50.81313514709473,330.472,128909.0
51.0495331287384,334.97599999999994,128222.0
51.26794981956482,337.22799999999995,128833.0
51.5083270072937,339.47999999999996,129006.0
51.72373056411743,346.23599999999993,128565.0
51.95710825920105,343.9839999999999,129028.0
52.17751860618591,341.7319999999999,129157.0
52.42337155342102,352.99199999999996,128490.0
52.64178657531738,352.99199999999996,129073.0
52.90009617805481,352.99199999999996,129205.0
53.12150430679321,348.48799999999994,129048.0
53.367849826812744,348.48799999999994,129024.0
53.59424138069153,348.48799999999994,128627.0
53.83759021759033,350.73999999999995,129072.0
54.06298756599426,350.73999999999995,129211.0
54.318344831466675,359.74799999999993,128794.0
54.54377055168152,357.496,129066.0
54.78908705711365,355.24399999999997,129238.0
55.02103567123413,359.74799999999993,129062.0
55.270320415496826,357.496,129027.0
55.509660482406616,359.74799999999993,128742.0
55.76398181915283,355.24399999999997,129057.0
56.00034785270691,361.99999999999994,129235.0
56.25067853927612,355.24399999999997,128859.0
56.49402832984924,361.99999999999994,129067.0
56.75285267829895,361.99999999999994,129250.0
57.002185106277466,364.25199999999995,129128.0
57.267475843429565,368.756,129137.0
57.50883150100708,368.756,128954.0
57.768147706985474,375.51199999999994,129165.0
58.00650143623352,373.26,129300.0
58.26481008529663,368.756,128814.0
58.5131471157074,366.50399999999996,129037.0
58.778411626815796,373.26,129237.0
59.02476382255554,377.76399999999995,129112.0
59.28904128074646,380.01599999999996,129227.0
59.53837442398071,377.76399999999995,128980.0
59.80266785621643,382.268,129196.0
