time,force,ppg,sys_bp,dia_bp
0.14825057983398438,76.50000000000006,124019.0,102,67
0.20096588134765625,70.90000000000003,123211.0
0.30699706077575684,70.90000000000003,121752.0
0.4108109474182129,76.50000000000006,122165.0
0.5764358043670654,76.50000000000006,123056.0
0.6801581382751465,87.70000000000005,124027.0
0.7848801612854004,87.70000000000005,124781.0
0.8899259567260742,93.30000000000007,124940.0
1.0564846992492676,93.30000000000007,124255.0
1.160348653793335,93.30000000000007,124450.0
1.2652533054351807,93.30000000000007,124609.0
1.3713979721069336,93.30000000000007,125097.0
1.5374324321746826,82.10000000000002,124972.0
1.6420049667358398,82.10000000000002,124132.0
1.747753381729126,87.70000000000005,124602.0
1.8518986701965332,87.70000000000005,124905.0
2.016435384750366,87.70000000000005,125794.0
2.1221506595611572,104.5,126247.0
2.2260971069335938,104.5,126664.0
2.3308169841766357,98.90000000000003,125907.0
2.4973785877227783,98.90000000000003,125820.0
2.600290060043335,87.70000000000005,125802.0
2.706810474395752,93.30000000000007,126003.0
2.8120148181915283,93.30000000000007,126336.0
2.976938486099243,93.30000000000007,126744.0
3.080937385559082,98.90000000000003,125857.0
3.1858949661254883,104.5,126062.0
3.2908153533935547,104.5,126365.0
3.45937180519104,104.5,126925.0
3.56235408782959,98.90000000000003,127224.0
3.6668145656585693,98.90000000000003,127490.0
3.7726941108703613,93.30000000000007,127631.0
3.937631130218506,87.70000000000005,126879.0
4.0414817333221436,98.90000000000003,126958.0
4.147078990936279,98.90000000000003,126998.0
4.251384258270264,93.30000000000007,127247.0
4.419015169143677,98.90000000000003,127974.0
4.523890733718872,104.5,127334.0
4.627503156661987,98.90000000000003,126958.0
4.7322914600372314,98.90000000000003,127158.0
4.899734020233154,104.5,127417.0
5.003723859786987,98.90000000000003,127668.0
5.107905149459839,104.5,127893.0
5.213614463806152,104.5,128101.0
5.380393028259277,104.5,127132.0
5.484095811843872,104.5,127280.0
5.588472127914429,98.90000000000003,127263.0
5.694185972213745,98.90000000000003,127359.0
5.857753276824951,104.5,128053.0
5.962740898132324,98.90000000000003,127955.0
6.066558837890625,98.90000000000003,127032.0
6.171490669250488,98.90000000000003,126990.0
6.34048867225647,98.90000000000003,127181.0
6.445111274719238,98.90000000000003,127426.0
6.548833608627319,104.5,127673.0
6.654553413391113,98.90000000000003,127907.0
6.820537090301514,104.5,126777.0
6.924506425857544,98.90000000000003,126971.0
7.030969142913818,104.5,126951.0
7.134799003601074,98.90000000000003,127032.0
7.299499750137329,104.5,127762.0
7.403308153152466,104.5,127630.0
7.507944822311401,104.5,126565.0
7.613832712173462,110.10000000000002,126525.0
7.780481338500977,104.5,126815.0
7.8843395709991455,104.5,127081.0
7.989975214004517,110.10000000000002,127364.0
8.09489893913269,110.10000000000002,127600.0
8.261455774307251,104.5,126330.0
8.365681409835815,98.90000000000003,126576.0
8.47018575668335,98.90000000000003,126608.0
8.576045751571655,98.90000000000003,126568.0
8.74160647392273,98.90000000000003,127259.0
8.844335556030273,98.90000000000003,127268.0
8.949052095413208,104.5,126089.0
9.054834842681885,104.5,125873.0
9.22161340713501,98.90000000000003,126265.0
9.324532508850098,110.10000000000002,126566.0
9.431216955184937,104.5,126903.0
9.535764932632446,104.5,127182.0
9.700385332107544,104.5,125597.0
9.806067705154419,110.10000000000002,125897.0
9.909916400909424,110.10000000000002,126044.0
10.013720035552979,110.10000000000002,126020.0
10.181073427200317,104.5,126868.0
10.285787343978882,104.5,127126.0
10.389677286148071,110.10000000000002,127095.0
10.49399733543396,110.10000000000002,125721.0
10.661593675613403,110.10000000000002,125978.0
10.765662908554077,104.5,126041.0
10.871410846710205,110.10000000000002,126384.0
10.976189374923706,110.10000000000002,126735.0
11.142593145370483,104.5,125761.0
11.24640703201294,104.5,125373.0
11.350403785705566,98.90000000000003,125779.0
11.45577073097229,104.5,125889.0
11.622481346130371,98.90000000000003,126560.0
11.726344347000122,104.5,126850.0
11.831519365310669,104.5,127098.0
11.936558961868286,110.10000000000002,126337.0
12.10314393043518,115.69999999999999,126037.0
12.206878185272217,115.69999999999999,126145.0
12.312686204910278,115.69999999999999,126356.0
12.416423320770264,115.69999999999999,126726.0
12.582860469818115,115.69999999999999,127446.0
12.688832759857178,110.10000000000002,126126.0
12.792297601699829,115.69999999999999,125696.0
12.896193981170654,121.30000000000001,126090.0
13.06506609916687,121.30000000000001,126680.0
13.168045997619629,121.30000000000001,127112.0
13.272766590118408,115.69999999999999,127463.0
13.378780364990234,121.30000000000001,127668.0
13.542274236679077,121.30000000000001,126183.0
13.648003101348877,115.69999999999999,126381.0
13.752812623977661,121.30000000000001,126380.0
13.856630325317383,126.90000000000003,126718.0
14.02473783493042,126.90000000000003,127892.0
14.129535675048828,126.90000000000003,127416.0
14.233135461807251,126.90000000000003,126002.0
14.337886333465576,126.90000000000003,126200.0
14.505530834197998,121.30000000000001,126614.0
14.609870910644531,126.90000000000003,127009.0
14.713558197021484,121.30000000000001,127381.0
14.819548606872559,126.90000000000003,127660.0
14.984191179275513,134.548,126177.0
15.088904857635498,134.548,126489.0
15.194114923477173,134.548,126590.0
15.297913074493408,134.548,126903.0
15.463402509689331,136.79999999999998,128118.0
15.568114757537842,134.548,127372.0
15.671836853027344,134.548,126343.0
15.776703596115112,136.79999999999998,126544.0
15.94633412361145,139.052,127105.0
16.051007986068726,136.79999999999998,127500.0
16.154735565185547,139.052,127829.0
16.259454250335693,136.79999999999998,128121.0
16.42501950263977,136.79999999999998,127104.0
16.533716917037964,136.79999999999998,127274.0
16.635453939437866,136.79999999999998,127311.0
16.739173889160156,139.052,127531.0
16.906728267669678,141.304,128435.0
17.010511875152588,141.304,127983.0
17.11517071723938,139.052,127279.0
17.21988582611084,141.304,127403.0
17.384957313537598,139.052,127642.0
17.49762511253357,139.052,127919.0
17.59450054168701,143.556,128160.0
17.69908618927002,148.06,128387.0
17.865805864334106,145.808,127711.0
17.993428468704224,150.312,127864.0
18.082192182540894,152.564,127895.0
18.178932189941406,145.808,128011.0
18.344590425491333,148.06,128690.0
18.448306798934937,145.808,128362.0
18.55302929878235,145.808,127845.0
18.65876317024231,148.06,128183.0
18.82430148124695,145.808,128449.0
18.929046630859375,152.564,128786.0
19.034738779067993,154.81599999999997,129126.0
19.13945984840393,154.81599999999997,129384.0
19.306529998779297,150.312,128344.0
19.41179323196411,154.81599999999997,128437.0
19.51651382446289,152.564,128387.0
19.62023615837097,152.564,128515.0
19.78679060935974,152.564,129150.0
19.890597343444824,152.564,128514.0
19.99534797668457,154.81599999999997,128042.0
20.098956823349,157.06799999999998,128331.0
20.266509294509888,161.572,128746.0
20.37023115158081,163.82399999999998,129218.0
20.47694754600525,166.076,129523.0
20.595627784729004,168.328,129386.0
20.746225833892822,163.82399999999998,128987.0
20.851945161819458,157.06799999999998,128933.0
20.955671072006226,154.81599999999997,128950.0
21.062426805496216,154.81599999999997,129137.0
21.22699546813965,159.32,128422.0
21.352651119232178,161.572,128539.0
21.44243550300598,161.572,128824.0
21.54115104675293,161.572,128823.0
21.70776605606079,163.82399999999998,129328.0
21.824390172958374,163.82399999999998,129482.0
21.91717839241028,168.328,128494.0
22.023885011672974,168.328,128544.0
22.187737703323364,170.58,128931.0
22.310404777526855,170.58,129276.0
22.40614891052246,172.832,129753.0
22.501929759979248,170.58,130093.0
22.668229818344116,166.076,128937.0
22.787908792495728,166.076,129003.0
22.893717050552368,170.58,128980.0
22.990436553955078,170.58,129279.0
23.14818572998047,172.832,129226.0
23.25308918952942,179.588,128925.0
23.357705116271973,181.83999999999997,129742.0
23.462299346923828,181.83999999999997,129952.0
23.629067182540894,179.588,130766.0
23.73577904701233,179.588,130776.0
23.838510274887085,181.83999999999997,130175.0
23.942275047302246,177.336,128969.0
24.110788345336914,179.588,129729.0
24.243422269821167,177.336,129904.0
24.351136922836304,184.09199999999998,130518.0
24.451876163482666,179.588,130934.0
24.58751130104065,179.588,130275.0
24.722142457962036,181.83999999999997,131108.0
24.826862335205078,184.09199999999998,130426.0
24.926596641540527,184.09199999999998,130777.0
25.069702625274658,184.09199999999998,129900.0
25.175412893295288,186.344,129932.0
25.281110763549805,186.344,131047.0
25.389819622039795,190.84799999999998,131018.0
25.550439596176147,188.596,131775.0
25.696001052856445,195.352,131139.0
25.811691999435425,193.1,129732.0
25.91740918159485,193.1,130522.0
26.03010869026184,197.60399999999998,130948.0
26.136693000793457,197.60399999999998,131585.0
26.24592876434326,199.856,131972.0
26.35265278816223,199.856,130179.0
26.510244846343994,204.36,131217.0
26.61594009399414,206.612,131132.0
26.728639364242554,204.36,131683.0
26.84133791923523,206.612,132082.0
26.992006301879883,208.864,130821.0
27.10071587562561,208.864,131053.0
27.222408771514893,208.864,130919.0
27.332103729248047,208.864,131189.0
27.470770597457886,208.864,130377.0
27.57943606376648,204.36,130128.0
27.69512701034546,206.612,130576.0
27.812811374664307,211.116,130686.0
27.95150637626648,208.864,131168.0
28.074180841445923,204.36,131225.0
28.192864179611206,197.60399999999998,129961.0
28.31054973602295,197.60399999999998,129817.0
28.432250022888184,199.856,130000.0
28.55788779258728,208.864,130440.0
28.683551788330078,208.864,130799.0
28.806224584579468,211.116,131006.0
28.929893016815186,213.36800000000002,129928.0
29.04957342147827,213.36800000000002,130126.0
29.174240350723267,217.872,130263.0
29.299914360046387,213.36800000000002,130415.0
29.426570653915405,213.36800000000002,131264.0
29.547243118286133,213.36800000000002,131523.0
29.672948837280273,215.62,130518.0
29.79660725593567,215.62,129901.0
29.934736728668213,215.62,130464.0
30.061441898345947,215.62,130711.0
30.190980434417725,208.864,131145.0
30.351558446884155,213.36800000000002,131511.0
30.485620975494385,215.62,130413.0
30.6102876663208,217.872,130951.0
30.738944053649902,217.872,131132.0
30.87258744239807,217.872,131763.0
31.005231857299805,217.872,132054.0
31.136300086975098,220.12400000000002,132239.0
31.27194046974182,222.37599999999998,132420.0
31.402591228485107,224.62799999999996,131365.0
31.53723120689392,222.37599999999998,131500.0
31.66690468788147,222.37599999999998,131678.0
31.80351948738098,220.12400000000002,132583.0
31.943153619766235,215.62,132713.0
32.081775426864624,217.872,132514.0
32.214420795440674,217.872,131208.0
32.35105562210083,220.12400000000002,131939.0
32.48270392417908,220.12400000000002,132029.0
32.62731695175171,226.87999999999997,132501.0
32.75996923446655,235.888,133313.0
32.89859175682068,247.148,132106.0
33.03524971008301,244.896,132400.0
33.17086482048035,244.896,132966.0
33.305504322052,242.64399999999998,133214.0
33.44812297821045,240.39199999999997,133413.0
33.586777687072754,235.888,133472.0
33.72538375854492,229.13199999999998,132817.0
33.86401176452637,226.87999999999997,132846.0
34.01560592651367,233.636,132811.0
34.15822458267212,233.636,133232.0
34.297871589660645,242.64399999999998,133696.0
34.437477827072144,242.64399999999998,132251.0
34.578102111816406,247.148,133142.0
34.718727111816406,242.64399999999998,133511.0
34.867348432540894,244.896,133735.0
35.01493453979492,244.896,133841.0
35.16254544258118,244.896,133334.0
35.31018090248108,242.64399999999998,133284.0
35.46573066711426,242.64399999999998,133371.0
35.61034345626831,242.64399999999998,133666.0
35.75994372367859,249.4,132335.0
35.90655207633972,249.4,133388.0
36.06264901161194,247.148,133382.0
36.20981955528259,247.148,133898.0
36.36141562461853,251.65200000000002,133966.0
36.50802230834961,251.65200000000002,132807.0
36.65861988067627,249.4,133304.0
36.82018780708313,247.148,133526.0
36.97776675224304,247.148,133835.0
37.13335180282593,249.4,132983.0
37.28993225097656,247.148,133266.0
37.442525148391724,249.4,133355.0
37.59910583496094,249.4,134001.0
37.75070023536682,260.65999999999997,133087.0
37.90728187561035,260.65999999999997,132812.0
38.06785273551941,256.15599999999995,133712.0
38.233410120010376,260.65999999999997,133958.0
38.390989542007446,260.65999999999997,134041.0
38.55455946922302,260.65999999999997,133282.0
38.71412515640259,262.912,133483.0
38.874695777893066,274.17199999999997,133578.0
39.03925585746765,278.67599999999993,134171.0
39.201821088790894,269.668,134150.0
39.36239314079285,271.91999999999996,132945.0
39.525954723358154,271.91999999999996,133656.0
39.6925311088562,269.668,133858.0
39.85975790023804,256.15599999999995,133961.0
40.028340578079224,265.164,132735.0
40.19387197494507,271.91999999999996,133177.0
40.359410762786865,274.17199999999997,133685.0
40.52796006202698,276.424,134049.0
40.6915237903595,278.67599999999993,134132.0
40.86306428909302,301.19599999999997,134287.0
41.03161382675171,296.69199999999995,133841.0
41.20914053916931,298.94399999999996,133900.0
41.37868666648865,298.94399999999996,133988.0
41.552223443984985,298.94399999999996,134254.0
41.723764181137085,285.43199999999996,133581.0
41.89929509162903,274.17199999999997,133651.0
42.07482576370239,283.17999999999995,133877.0
42.24939155578613,285.43199999999996,134109.0
42.43500542640686,292.18799999999993,133722.0
42.61352729797363,294.43999999999994,133478.0
42.7910532951355,298.94399999999996,133994.0
42.972596168518066,301.19599999999997,134191.0
43.157105445861816,289.9359999999999,134274.0
43.337592363357544,285.43199999999996,133737.0
43.518110036849976,289.9359999999999,133884.0
43.69862675666809,292.18799999999993,133859.0
43.89011478424072,294.43999999999994,134244.0
44.075618743896484,294.43999999999994,134099.0
44.26311779022217,301.19599999999997,133903.0
44.44965124130249,301.19599999999997,134101.0
44.63512349128723,301.19599999999997,134270.0
44.82221555709839,307.95199999999994,133681.0
45.00971531867981,307.95199999999994,134034.0
45.20618963241577,303.448,134051.0
45.39976668357849,305.69999999999993,134266.0
45.58724546432495,316.96,134218.0
45.77374768257141,316.96,134088.0
45.9642379283905,314.70799999999997,134104.0
46.15273714065552,314.70799999999997,134280.0
46.34770464897156,319.212,133667.0
46.542163610458374,316.96,134121.0
46.73960757255554,310.20399999999995,134260.0
46.934086084365845,312.45599999999996,134280.0
47.12657403945923,314.70799999999997,133725.0
47.32204866409302,312.45599999999996,134026.0
47.518524408340454,314.70799999999997,134128.0
47.70901536941528,316.96,134292.0
47.90449285507202,321.464,133698.0
48.10945963859558,321.464,134049.0
48.31191849708557,323.71599999999995,134157.0
48.51238179206848,321.464,134269.0
48.71484065055847,319.212,134005.0
48.91430735588074,307.95199999999994,134030.0
49.114771366119385,312.45599999999996,134083.0
49.321218729019165,312.45599999999996,134261.0
49.531657695770264,316.96,133543.0
49.73212265968323,328.21999999999997,134161.0
49.93657445907593,377.76399999999995,134208.0
50.14003586769104,375.51199999999994,134320.0
50.351465702056885,380.01599999999996,134048.0
50.554951429367065,375.51199999999994,134273.0
50.76137042045593,364.25199999999995,134280.0
50.96881604194641,330.472,134263.0
51.18129825592041,303.448,133474.0
51.392722368240356,316.96,133905.0
51.60315990447998,325.96799999999996,134165.0
51.81658959388733,339.47999999999996,134215.0
52.03103804588318,348.48799999999994,134131.0
52.23945903778076,359.74799999999993,134146.0
52.460867166519165,380.01599999999996,134163.0
52.67130517959595,359.74799999999993,134085.0
52.88573098182678,352.99199999999996,133930.0
53.101155281066895,352.99199999999996,133993.0
53.31857347488403,355.24399999999997,134070.0
53.53600192070007,364.25199999999995,133814.0
53.75289487838745,371.008,134083.0
53.974303007125854,371.008,134122.0
54.197705030441284,375.51199999999994,134137.0
54.42113208770752,371.008,133998.0
54.64451050758362,371.008,134083.0
54.86990809440613,359.74799999999993,134140.0
