time,force,ppg,sys_bp,dia_bp
0.1400156021118164,26.100000000000023,72271.0,103,71
0.16977214813232422,54.10000000000002,108494.0
0.27570128440856934,76.50000000000006,114617.0
0.37892603874206543,93.30000000000007,118535.0
0.5452878475189209,87.70000000000005,124638.0
0.6483073234558105,87.70000000000005,125372.0
0.7540738582611084,93.30000000000007,126103.0
0.8589756488800049,87.70000000000005,126725.0
1.0263018608093262,93.30000000000007,129095.0
1.1301681995391846,110.10000000000002,129569.0
1.235743761062622,121.30000000000001,130216.0
1.3385024070739746,115.69999999999999,130775.0
1.505277395248413,104.5,130933.0
1.6090281009674072,104.5,131055.0
1.7137072086334229,98.90000000000003,131147.0
1.8185060024261475,93.30000000000007,131300.0
1.98518967628479,87.70000000000005,130784.0
2.0889031887054443,93.30000000000007,130659.0
2.194622039794922,93.30000000000007,130863.0
2.300384283065796,98.90000000000003,131061.0
2.4649171829223633,104.5,131937.0
2.5686419010162354,98.90000000000003,132212.0
2.6744043827056885,104.5,132447.0
2.778062105178833,98.90000000000003,132525.0
2.945624589920044,98.90000000000003,132810.0
3.0504071712493896,98.90000000000003,132903.0
3.154155969619751,98.90000000000003,133027.0
3.25992488861084,104.5,133187.0
3.424360752105713,104.5,133507.0
3.5292112827301025,104.5,133597.0
3.6338741779327393,104.5,133694.0
3.7395009994506836,104.5,133810.0
3.9040610790252686,104.5,133845.0
4.007788181304932,104.5,133907.0
4.112503290176392,98.90000000000003,133946.0
4.218405485153198,104.5,134010.0
4.388082981109619,98.90000000000003,133919.0
4.491017818450928,98.90000000000003,133958.0
4.595712423324585,98.90000000000003,133977.0
4.701466798782349,104.5,133999.0
4.865197658538818,110.10000000000002,134035.0
4.970200777053833,104.5,134033.0
5.076056241989136,110.10000000000002,134096.0
5.179759740829468,104.5,134131.0
5.345336437225342,110.10000000000002,134240.0
5.448697566986084,110.10000000000002,134156.0
5.553605318069458,110.10000000000002,134200.0
5.6593194007873535,104.5,134255.0
5.825881004333496,110.10000000000002,134338.0
5.92892861366272,104.5,134278.0
6.035043239593506,104.5,134153.0
6.140617370605469,104.5,134168.0
6.3053858280181885,104.5,134168.0
6.41029953956604,110.10000000000002,134201.0
6.51498818397522,110.10000000000002,134092.0
6.619531154632568,104.5,134051.0
6.7863523960113525,104.5,134186.0
6.890058994293213,104.5,134233.0
6.993813753128052,98.90000000000003,134224.0
7.100118637084961,104.5,134093.0
7.264271974563599,110.10000000000002,134091.0
7.368986129760742,104.5,134105.0
7.475068092346191,104.5,134110.0
7.579672336578369,110.10000000000002,133941.0
7.74523401260376,110.10000000000002,133904.0
7.849237442016602,104.5,133909.0
7.952949285507202,98.90000000000003,133929.0
8.058235883712769,104.5,133856.0
8.225701093673706,104.5,133579.0
8.328821659088135,104.5,133533.0
8.43447470664978,104.5,133499.0
8.540271997451782,98.90000000000003,133484.0
8.706991910934448,98.90000000000003,133147.0
8.810713768005371,104.5,133106.0
8.916433095932007,104.5,133086.0
9.020278453826904,104.5,133113.0
9.185433626174927,104.5,132903.0
9.289239645004272,110.10000000000002,132952.0
9.393857955932617,110.10000000000002,132977.0
9.49959135055542,110.10000000000002,133027.0
9.667153120040894,110.10000000000002,133063.0
9.770029783248901,110.10000000000002,133054.0
9.875689506530762,110.10000000000002,133100.0
9.981401443481445,110.10000000000002,133091.0
10.145262241363525,115.69999999999999,132910.0
10.250974416732788,110.10000000000002,132644.0
10.355777263641357,110.10000000000002,132510.0
10.459389448165894,110.10000000000002,132462.0
10.626952409744263,110.10000000000002,132381.0
10.730937480926514,110.10000000000002,132410.0
10.834670066833496,115.69999999999999,132300.0
10.940458536148071,121.30000000000001,132648.0
11.106053829193115,115.69999999999999,133136.0
11.209830522537231,115.69999999999999,133177.0
11.315982818603516,115.69999999999999,133191.0
11.420021295547485,115.69999999999999,132980.0
11.585438251495361,115.69999999999999,132679.0
11.689274787902832,115.69999999999999,132593.0
11.792858362197876,110.10000000000002,132573.0
11.898977756500244,110.10000000000002,132579.0
12.065409660339355,115.69999999999999,132350.0
12.169432401657104,121.30000000000001,132391.0
12.27532696723938,115.69999999999999,132403.0
12.380391359329224,115.69999999999999,132421.0
12.545931577682495,115.69999999999999,132336.0
12.649612665176392,115.69999999999999,132392.0
12.75532865524292,121.30000000000001,132459.0
12.8590247631073,121.30000000000001,132501.0
13.025583505630493,126.90000000000003,132854.0
13.130338430404663,126.90000000000003,132817.0
13.2350594997406,126.90000000000003,132888.0
13.339813232421875,126.90000000000003,132995.0
13.50540804862976,121.30000000000001,133227.0
13.610127449035645,121.30000000000001,133308.0
13.714847803115845,121.30000000000001,133167.0
13.818570137023926,126.90000000000003,133127.0
13.986121892929077,121.30000000000001,133049.0
14.091919898986816,115.69999999999999,133005.0
14.195636987686157,134.548,133047.0
14.301354169845581,126.90000000000003,132990.0
14.468026399612427,121.30000000000001,133028.0
14.5717933177948,134.548,133180.0
14.67551565170288,134.548,133434.0
14.782297134399414,134.548,133691.0
14.945909976959229,126.90000000000003,133949.0
15.051625490188599,134.548,134058.0
15.156343460083008,139.052,134188.0
15.261063575744629,141.304,134350.0
15.425149202346802,141.304,134549.0
15.528857469558716,141.304,134701.0
15.634574890136719,141.304,134792.0
15.73929476737976,141.304,134874.0
15.905984163284302,141.304,134844.0
16.01056933403015,139.052,134880.0
16.115291595458984,136.79999999999998,134955.0
16.22119641304016,136.79999999999998,134973.0
16.38659429550171,136.79999999999998,135043.0
16.49133849143982,141.304,134954.0
16.595256090164185,139.052,135018.0
16.699928283691406,141.304,135070.0
16.86646604537964,139.052,135160.0
16.971351146697998,136.79999999999998,134997.0
17.075015544891357,139.052,134971.0
17.17989945411682,141.304,135023.0
17.345741271972656,141.304,135184.0
17.44965386390686,143.556,135235.0
17.555312156677246,143.556,135125.0
17.659027814865112,141.304,135201.0
17.826459646224976,150.312,135450.0
17.931340217590332,143.556,135528.0
18.035292148590088,145.808,135378.0
18.139782428741455,145.808,135321.0
18.305344820022583,139.052,135414.0
18.411077737808228,136.79999999999998,135454.0
18.515783309936523,143.556,135415.0
18.62050747871399,143.556,135191.0
18.786128282546997,143.556,135230.0
18.89177131652832,145.808,135271.0
18.996507167816162,143.556,135324.0
19.101245403289795,141.304,135206.0
19.26677918434143,141.304,135086.0
19.374481916427612,143.556,135102.0
19.475230932235718,152.564,135173.0
19.579933166503906,152.564,135329.0
19.746491193771362,148.06,135087.0
19.850400686264038,154.81599999999997,135159.0
19.956928968429565,157.06799999999998,135216.0
20.06169319152832,159.32,135293.0
20.22636580467224,154.81599999999997,135336.0
20.331063747406006,154.81599999999997,135450.0
20.434841871261597,159.32,135490.0
20.540504217147827,159.32,135532.0
20.70839834213257,157.06799999999998,135511.0
20.81907343864441,157.06799999999998,135495.0
20.916311979293823,161.572,135583.0
21.021937131881714,163.82399999999998,135608.0
21.186615228652954,168.328,135822.0
21.29130268096924,170.58,135621.0
21.396023273468018,168.328,135680.0
21.50085425376892,168.328,135771.0
21.665326833724976,168.328,135821.0
21.77900743484497,172.832,135693.0
21.87385320663452,172.832,135566.0
21.979485988616943,170.58,135711.0
22.146025896072388,168.328,135838.0
22.259714603424072,170.58,135895.0
22.355507373809814,168.328,135700.0
22.461264848709106,168.328,135675.0
22.626890420913696,166.076,135772.0
22.744566679000854,170.58,135813.0
22.83534336090088,172.832,135784.0
22.94030737876892,170.58,135593.0
23.10786461830139,172.832,135767.0
23.225544452667236,172.832,135843.0
23.31530499458313,175.084,135914.0
23.421027183532715,172.832,135687.0
23.58558750152588,179.588,135715.0
23.700275182724,175.084,135774.0
23.796175718307495,175.084,135856.0
23.900745391845703,175.084,135869.0
24.06556272506714,177.336,135651.0
24.18321943283081,177.336,135662.0
24.27597141265869,179.588,135712.0
24.379698514938354,181.83999999999997,135788.0
24.545315265655518,186.344,135582.0
24.665008306503296,186.344,135668.0
24.75474524497986,184.09199999999998,135690.0
24.861602306365967,184.09199999999998,135767.0
25.025177240371704,181.83999999999997,135529.0
25.153819799423218,190.84799999999998,135660.0
25.244577169418335,188.596,135729.0
25.339324474334717,188.596,135750.0
25.506890535354614,184.09199999999998,135789.0
25.65049719810486,188.596,135600.0
25.749234199523926,186.344,135715.0
25.83899235725403,188.596,135778.0
25.986624002456665,186.344,135991.0
26.103286027908325,184.09199999999998,135998.0
26.19604802131653,188.596,135699.0
26.300763368606567,184.09199999999998,135748.0
26.46556067466736,188.596,135988.0
26.572271823883057,188.596,136096.0
26.67405939102173,190.84799999999998,136205.0
26.779722213745117,195.352,136011.0
26.945303916931152,197.60399999999998,136035.0
27.06595206260681,197.60399999999998,136084.0
27.16967463493347,204.36,136205.0
27.26242685317993,202.108,136349.0
27.427000761032104,199.856,136032.0
27.557646989822388,202.108,136186.0
27.655376434326172,202.108,136233.0
27.74912667274475,204.36,136312.0
27.907705545425415,197.60399999999998,136250.0
28.04134440422058,199.856,136052.0
28.142075538635254,195.352,136199.0
28.240826845169067,197.60399999999998,136268.0
28.386423349380493,197.60399999999998,136540.0
28.491268396377563,199.856,136452.0
28.600873947143555,197.60399999999998,136070.0
28.699687957763672,199.856,136172.0
28.865142107009888,202.108,136440.0
28.985374212265015,206.612,136608.0
29.089393615722656,208.864,136745.0
29.192118644714355,213.36800000000002,136343.0
29.34670639038086,213.36800000000002,136535.0
29.46838092803955,215.62,136662.0
29.57110619544983,220.12400000000002,136878.0
29.67383050918579,217.872,137101.0
29.826387405395508,215.62,136548.0
29.93491005897522,220.12400000000002,136648.0
30.045615196228027,215.62,136764.0
30.15435767173767,213.36800000000002,136909.0
30.307053327560425,208.864,136364.0
30.41462779045105,213.36800000000002,136525.0
30.531201362609863,213.36800000000002,136646.0
30.63793635368347,213.36800000000002,136725.0
30.78753685951233,217.872,136964.0
30.89826989173889,217.872,136495.0
31.007946968078613,220.12400000000002,136609.0
31.117653131484985,220.12400000000002,136772.0
31.266257286071777,222.37599999999998,137227.0
31.383942365646362,229.13199999999998,137343.0
31.497637271881104,229.13199999999998,136769.0
31.608342170715332,224.62799999999996,136819.0
31.746975660324097,226.87999999999997,137286.0
31.883606672286987,233.636,137511.0
31.99829936027527,238.13999999999996,137683.0
32.11099863052368,238.13999999999996,137220.0
32.22768592834473,240.39199999999997,137564.0
32.3393874168396,235.888,137699.0
32.458662271499634,238.13999999999996,137837.0
32.57436466217041,238.13999999999996,137916.0
32.707024335861206,238.13999999999996,137524.0
32.85262155532837,233.636,137656.0
32.97329807281494,233.636,137750.0
33.09603548049927,233.636,137879.0
33.214735984802246,238.13999999999996,137236.0
33.32844018936157,233.636,137506.0
33.44610023498535,238.13999999999996,137663.0
33.56677746772766,242.64399999999998,137798.0
33.68546009063721,242.64399999999998,137584.0
33.80314564704895,238.13999999999996,137362.0
33.92781329154968,240.39199999999997,137619.0
34.0474956035614,242.64399999999998,137773.0
34.17715835571289,247.148,138037.0
34.295828342437744,244.896,137725.0
34.41949796676636,242.64399999999998,137518.0
34.54316735267639,244.896,137756.0
34.66783785820007,244.896,137992.0
34.78950905799866,240.39199999999997,138053.0
34.91916275024414,240.39199999999997,137759.0
35.04183530807495,242.64399999999998,137600.0
35.171489000320435,240.39199999999997,137979.0
35.29617524147034,240.39199999999997,138062.0
35.42283916473389,240.39199999999997,138098.0
35.58623933792114,244.896,137960.0
35.71488666534424,244.896,138040.0
35.8405499458313,244.896,138116.0
35.97319531440735,249.4,138091.0
36.103846073150635,249.4,137889.0
36.23549461364746,256.15599999999995,138002.0
36.36315369606018,258.40799999999996,138069.0
36.49380373954773,258.40799999999996,138123.0
36.628443479537964,253.90399999999997,137805.0
36.762086391448975,253.90399999999997,137940.0
36.89872121810913,249.4,138038.0
37.03236484527588,249.4,137621.0
37.16401267051697,249.4,137790.0
37.29667329788208,251.65200000000002,137950.0
37.427308320999146,256.15599999999995,138014.0
37.565937519073486,256.15599999999995,138072.0
37.70257329940796,260.65999999999997,137835.0
37.84120273590088,265.164,137981.0
37.985825061798096,265.164,138210.0
38.13940477371216,267.416,138133.0
38.27903151512146,260.65999999999997,137965.0
38.41566824913025,262.912,138093.0
38.55130338668823,262.912,138240.0
38.69292497634888,269.668,138284.0
38.8305881023407,274.17199999999997,138082.0
38.97118091583252,269.668,138258.0
39.10881304740906,271.91999999999996,138305.0
39.254424810409546,274.17199999999997,138334.0
39.392056703567505,274.17199999999997,138185.0
39.53666973114014,271.91999999999996,138297.0
39.68728303909302,278.67599999999993,138377.0
39.8328800201416,278.67599999999993,138362.0
39.97649383544922,278.67599999999993,138222.0
40.12310242652893,276.424,138287.0
40.26572036743164,280.92799999999994,138379.0
40.415340423583984,280.92799999999994,138095.0
40.55790424346924,278.67599999999993,138208.0
40.707513093948364,271.91999999999996,138257.0
40.86608052253723,271.91999999999996,137954.0
41.023659229278564,271.91999999999996,138079.0
41.18136167526245,271.91999999999996,138187.0
41.346099615097046,269.668,138219.0
41.48863482475281,271.91999999999996,137912.0
41.63923215866089,276.424,138073.0
41.791823387145996,280.92799999999994,138192.0
41.94341850280762,283.17999999999995,138348.0
42.093029260635376,287.68399999999997,138109.0
42.24563789367676,287.68399999999997,138214.0
42.394214153289795,287.68399999999997,138318.0
42.56181001663208,294.43999999999994,138352.0
42.71938443183899,292.18799999999993,138085.0
42.87796139717102,292.18799999999993,138287.0
43.031575441360474,294.43999999999994,138334.0
43.19614362716675,296.69199999999995,138360.0
43.35474181175232,296.69199999999995,138251.0
43.51429557800293,292.18799999999993,138298.0
43.66987943649292,289.9359999999999,138367.0
43.83344221115112,292.18799999999993,137996.0
44.00099444389343,292.18799999999993,138175.0
44.16356539726257,296.69199999999995,138317.0
44.3261399269104,294.43999999999994,138349.0
44.48871183395386,301.19599999999997,138103.0
44.65125608444214,301.19599999999997,138293.0
44.81983017921448,301.19599999999997,138385.0
44.9833824634552,303.448,138302.0
45.150928258895874,305.69999999999993,138216.0
45.319993019104004,303.448,138358.0
45.49460220336914,298.94399999999996,138404.0
45.659165143966675,303.448,138383.0
45.8287091255188,305.69999999999993,138341.0
45.99825572967529,305.69999999999993,138375.0
46.16879987716675,303.448,138213.0
46.338346004486084,301.19599999999997,138337.0
46.51641011238098,303.448,138399.0
46.68484091758728,312.45599999999996,138432.0
46.86735272407532,307.95199999999994,138309.0
47.03492212295532,314.70799999999997,138411.0
47.2064471244812,321.464,138455.0
47.37499642372131,321.464,138454.0
47.54653739929199,330.472,138418.0
47.71807813644409,334.97599999999994,138443.0
47.89563870429993,339.47999999999996,138461.0
48.072094678878784,337.22799999999995,138427.0
48.25177526473999,334.97599999999994,138462.0
48.4232919216156,332.724,138468.0
48.59682512283325,332.724,138452.0
48.766371965408325,334.97599999999994,138468.0
48.9468891620636,334.97599999999994,138464.0
49.12441420555115,334.97599999999994,138428.0
49.305930614471436,337.22799999999995,138448.0
49.48345422744751,334.97599999999994,138484.0
49.665966272354126,337.22799999999995,138480.0
49.839502573013306,339.47999999999996,138486.0
