time,force,ppg,sys_bp,dia_bp
0.1323835849761963,115.69999999999999,116562.0,133,85
0.27764105796813965,126.90000000000003,117097.0
0.3833439350128174,115.69999999999999,117290.0
0.4862182140350342,121.30000000000001,117454.0
0.592785120010376,115.69999999999999,116989.0
0.7576091289520264,126.90000000000003,117014.0
0.8613827228546143,134.548,117155.0
0.9670872688293457,136.79999999999998,117493.0
1.071761131286621,150.312,118171.0
1.239347219467163,150.312,119192.0
1.3431837558746338,141.304,118167.0
1.4468915462493896,134.548,117780.0
1.5527474880218506,115.69999999999999,117575.0
1.7202873229980469,115.69999999999999,115997.0
1.8232543468475342,104.5,115372.0
1.9287424087524414,98.90000000000003,114622.0
2.0334396362304688,93.30000000000007,112684.0
2.1981523036956787,93.30000000000007,106217.0
2.3039309978485107,93.30000000000007,106212.0
2.4094486236572266,104.5,107448.0
2.513301134109497,115.69999999999999,110343.0
2.6797313690185547,126.90000000000003,115823.0
2.7834486961364746,121.30000000000001,115552.0
2.887260913848877,115.69999999999999,115141.0
2.9930691719055176,110.10000000000002,115216.0
3.157461404800415,110.10000000000002,114344.0
3.2622432708740234,98.90000000000003,113388.0
3.3670654296875,93.30000000000007,112041.0
3.471997022628784,98.90000000000003,111613.0
3.6394412517547607,93.30000000000007,109276.0
3.7443900108337402,93.30000000000007,109686.0
3.8492085933685303,93.30000000000007,110123.0
3.952989339828491,98.90000000000003,109942.0
4.119401931762695,104.5,112860.0
4.2222490310668945,110.10000000000002,113968.0
4.326946973800659,110.10000000000002,113655.0
4.433544874191284,110.10000000000002,113079.0
4.600109338760376,110.10000000000002,112849.0
4.704046964645386,104.5,112763.0
4.80910062789917,104.5,112815.0
4.913779020309448,104.5,112884.0
5.080288887023926,98.90000000000003,111663.0
5.183241605758667,98.90000000000003,111406.0
5.288728952407837,98.90000000000003,111429.0
5.393442153930664,104.5,111123.0
5.560176610946655,104.5,111876.0
5.663966655731201,104.5,112396.0
5.768766164779663,104.5,112764.0
5.875519752502441,104.5,112715.0
6.039970397949219,104.5,112701.0
6.143956899642944,104.5,112791.0
6.249402761459351,98.90000000000003,113041.0
6.353317499160767,110.10000000000002,113371.0
6.520869493484497,104.5,113887.0
6.624582529067993,98.90000000000003,112948.0
6.729608535766602,104.5,112212.0
6.834656476974487,104.5,112752.0
6.999359130859375,110.10000000000002,113202.0
7.104325532913208,104.5,113472.0
7.209127187728882,98.90000000000003,113532.0
7.313920021057129,98.90000000000003,113614.0
7.482337474822998,104.5,110647.0
7.586054563522339,93.30000000000007,110757.0
7.689945936203003,98.90000000000003,109082.0
7.793915510177612,98.90000000000003,108070.0
7.963321924209595,93.30000000000007,108802.0
8.066044330596924,93.30000000000007,108568.0
8.171873092651367,93.30000000000007,107120.0
8.276482820510864,93.30000000000007,105876.0
8.442046642303467,98.90000000000003,106018.0
8.545948028564453,98.90000000000003,106582.0
8.651477336883545,93.30000000000007,107024.0
8.755311489105225,93.30000000000007,106969.0
8.920768737792969,93.30000000000007,106785.0
9.025477886199951,98.90000000000003,107734.0
9.129310846328735,98.90000000000003,108778.0
9.23499059677124,98.90000000000003,109744.0
9.402596473693848,104.5,112655.0
9.50649380683899,110.10000000000002,113246.0
9.611183881759644,110.10000000000002,113140.0
9.716861248016357,110.10000000000002,112927.0
9.882301807403564,104.5,113867.0
9.986249685287476,115.69999999999999,114133.0
10.090880632400513,115.69999999999999,114636.0
10.195458173751831,115.69999999999999,115176.0
10.36302900314331,121.30000000000001,114570.0
10.46673321723938,115.69999999999999,114699.0
10.571453332901001,115.69999999999999,115023.0
10.676219940185547,121.30000000000001,114963.0
10.843730926513672,115.69999999999999,115476.0
10.947459936141968,115.69999999999999,115565.0
11.053306579589844,121.30000000000001,115466.0
11.15795111656189,126.90000000000003,114875.0
11.32373046875,126.90000000000003,115813.0
11.428446531295776,121.30000000000001,115707.0
11.533169746398926,115.69999999999999,115881.0
11.636887311935425,115.69999999999999,116037.0
11.804552555084229,115.69999999999999,115515.0
11.90932321548462,121.30000000000001,115213.0
12.013970375061035,126.90000000000003,115600.0
12.118686199188232,115.69999999999999,115751.0
12.284269332885742,134.548,116611.0
12.388108253479004,143.556,117163.0
12.494043111801147,145.808,117831.0
12.5986487865448,145.808,117419.0
12.763549566268921,143.556,117309.0
12.86738133430481,136.79999999999998,117205.0
12.971992015838623,136.79999999999998,117371.0
13.076779127120972,134.548,117534.0
13.247253894805908,134.548,116554.0
13.350269556045532,121.30000000000001,115858.0
13.45397686958313,134.548,116222.0
13.560579776763916,134.548,116579.0
13.72514009475708,136.79999999999998,116961.0
13.8301100730896,134.548,117073.0
13.935579299926758,136.79999999999998,117197.0
14.040502548217773,139.052,116779.0
14.20586609840393,141.304,117163.0
14.30957841873169,136.79999999999998,116936.0
14.414305686950684,134.548,116939.0
14.519157409667969,139.052,117204.0
14.685583353042603,141.304,117288.0
14.789380550384521,141.304,116694.0
14.895196676254272,145.808,117103.0
14.998789072036743,145.808,117544.0
15.16629934310913,145.808,117991.0
15.270190954208374,145.808,118162.0
15.374927759170532,139.052,118295.0
15.478889465332031,136.79999999999998,117757.0
15.647248029708862,136.79999999999998,117334.0
15.757946014404297,139.052,117225.0
15.856680870056152,141.304,117347.0
15.961620569229126,141.304,117656.0
16.126237154006958,143.556,117277.0
16.229926586151123,141.304,116908.0
16.336562395095825,143.556,117438.0
16.440380811691284,143.556,117655.0
16.60582995414734,145.808,117844.0
16.713534355163574,141.304,117953.0
16.81430673599243,141.304,117943.0
16.919095039367676,143.556,116968.0
17.08554744720459,143.556,117425.0
17.1905038356781,150.312,117482.0
17.295100927352905,152.564,117815.0
17.400885343551636,152.564,118130.0
17.56673502922058,152.564,117366.0
17.671454668045044,150.312,117135.0
17.775206327438354,150.312,117568.0
17.88002347946167,152.564,117600.0
18.047463417053223,150.312,118022.0
18.161144733428955,154.81599999999997,118275.0
18.256019592285156,152.564,118462.0
18.360727310180664,154.81599999999997,117770.0
18.528193712234497,157.06799999999998,117800.0
18.631895303726196,157.06799999999998,117642.0
18.73770499229431,157.06799999999998,117880.0
18.84250545501709,154.81599999999997,118202.0
19.007097244262695,159.32,118168.0
19.112610816955566,161.572,117254.0
19.217345476150513,157.06799999999998,117476.0
19.324076414108276,154.81599999999997,117808.0
19.48861575126648,154.81599999999997,117940.0
19.609282970428467,157.06799999999998,118127.0
19.697051763534546,154.81599999999997,118248.0
19.803795099258423,159.32,118373.0
19.969338178634644,163.82399999999998,117612.0
20.089000940322876,163.82399999999998,117845.0
20.178772687911987,166.076,117820.0
20.284482955932617,170.58,118225.0
20.44905972480774,170.58,119338.0
20.567720413208008,177.336,119448.0
20.65848469734192,177.336,118542.0
20.76320195198059,177.336,118573.0
20.92876672744751,179.588,119313.0
21.04943323135376,179.588,119642.0
21.138206720352173,177.336,119920.0
21.242918491363525,179.588,120130.0
21.40947985649109,181.83999999999997,119084.0
21.532146692276,181.83999999999997,119293.0
21.620116472244263,179.588,119675.0
21.724130153656006,181.83999999999997,119558.0
21.888542652130127,184.09199999999998,120343.0
21.993297815322876,186.344,120575.0
22.097230434417725,188.596,120810.0
22.20294690132141,186.344,119911.0
22.369300842285156,188.596,119822.0
22.494898319244385,181.83999999999997,119696.0
22.578837633132935,184.09199999999998,119909.0
22.684396982192993,181.83999999999997,120176.0
22.852064609527588,184.09199999999998,120076.0
22.976727962493896,184.09199999999998,118975.0
23.063474893569946,184.09199999999998,119047.0
23.165231943130493,186.344,119490.0
23.330869913101196,188.596,120298.0
23.458521842956543,190.84799999999998,120683.0
23.542298555374146,186.344,120912.0
23.64422845840454,190.84799999999998,120988.0
23.81174111366272,190.84799999999998,120070.0
23.938395977020264,190.84799999999998,120216.0
24.027158975601196,193.1,120139.0
24.125904083251953,190.84799999999998,120471.0
24.291472673416138,190.84799999999998,120880.0
24.419124841690063,188.596,120336.0
24.514857053756714,186.344,119318.0
24.604615449905396,186.344,119429.0
24.773168325424194,188.596,119710.0
24.90680718421936,186.344,120123.0
25.000556230545044,193.1,120482.0
25.098295211791992,193.1,120760.0
25.251890420913696,193.1,119504.0
25.35859966278076,197.60399999999998,120060.0
25.461366653442383,197.60399999999998,120186.0
25.573025703430176,199.856,120277.0
25.733603715896606,202.108,121549.0
25.86724042892456,202.108,121924.0
25.970962047576904,204.36,121090.0
26.072690963745117,206.612,120386.0
26.212331771850586,204.36,120974.0
26.316049814224243,197.60399999999998,121065.0
26.420891046524048,199.856,121219.0
26.525489330291748,197.60399999999998,121374.0
26.69404435157776,204.36,120258.0
26.833665370941162,202.108,120595.0
26.9363911151886,204.36,121021.0
27.042108297348022,208.864,120896.0
27.17291760444641,222.37599999999998,123001.0
27.277479887008667,224.62799999999996,123489.0
27.381309270858765,222.37599999999998,122878.0
27.48692560195923,215.62,121223.0
27.653480768203735,217.872,121589.0
27.76417875289917,208.864,121481.0
27.865906953811646,202.108,121797.0
27.970626831054688,204.36,121920.0
28.133196353912354,206.612,120751.0
28.25386905670166,204.36,120729.0
28.359074592590332,208.864,121404.0
28.4688138961792,213.36800000000002,121444.0
28.61447238922119,215.62,122749.0
28.739091634750366,217.872,123046.0
28.843812465667725,217.872,122791.0
28.954970121383667,215.62,121192.0
29.09271240234375,213.36800000000002,121577.0
29.204312562942505,211.116,121505.0
29.312015533447266,215.62,121958.0
29.422719717025757,217.872,122346.0
29.575312614440918,217.872,121114.0
29.692996978759766,217.872,120901.0
29.801706314086914,217.872,121582.0
29.91739821434021,217.872,121700.0
30.057207107543945,215.62,122689.0
30.187692403793335,220.12400000000002,122981.0
30.299393892288208,220.12400000000002,123154.0
30.413121938705444,220.12400000000002,121730.0
30.534902334213257,213.36800000000002,121739.0
30.651458978652954,215.62,121370.0
30.765148878097534,217.872,121731.0
30.8828341960907,220.12400000000002,122289.0
31.016498804092407,220.12400000000002,121447.0
31.138152599334717,224.62799999999996,120898.0
31.256834506988525,222.37599999999998,121591.0
31.3795063495636,220.12400000000002,121796.0
31.49851632118225,222.37599999999998,122472.0
31.62517786026001,220.12400000000002,122620.0
31.74585509300232,220.12400000000002,122729.0
31.86653184890747,220.12400000000002,121470.0
31.985214710235596,222.37599999999998,121732.0
32.10589289665222,220.12400000000002,121488.0
32.23055863380432,220.12400000000002,121801.0
32.35622429847717,222.37599999999998,122218.0
32.48091769218445,224.62799999999996,121077.0
32.60455870628357,231.384,121438.0
32.729254484176636,231.384,122409.0
32.85589027404785,229.13199999999998,122269.0
32.99199295043945,231.384,123227.0
33.12165021896362,229.13199999999998,123210.0
33.252297163009644,235.888,121699.0
33.41611671447754,240.39199999999997,122544.0
33.54473638534546,240.39199999999997,123299.0
33.67438244819641,242.64399999999998,123852.0
33.80004668235779,242.64399999999998,124150.0
33.931694984436035,244.896,123560.0
34.07531118392944,244.896,123818.0
34.21294283866882,242.64399999999998,123412.0
34.379501819610596,231.384,123373.0
34.53907084465027,235.888,121777.0
34.66872715950012,233.636,122180.0
34.80236792564392,233.636,122775.0
34.93302035331726,233.636,123179.0
35.0666606426239,229.13199999999998,123451.0
35.202322244644165,233.636,123571.0
35.340928077697754,242.64399999999998,123066.0
35.477561950683594,247.148,123115.0
35.61419701576233,249.4,123839.0
35.7697811126709,247.148,124317.0
35.9084107875824,244.896,122103.0
36.04904770851135,247.148,122705.0
36.186670541763306,249.4,123291.0
36.32629346847534,249.4,124494.0
36.471935749053955,247.148,124564.0
36.611531019210815,247.148,123138.0
36.7521550655365,249.4,122346.0
36.89178156852722,249.4,123568.0
37.0334038734436,256.15599999999995,124894.0
37.177234411239624,253.90399999999997,125045.0
37.32583665847778,251.65200000000002,123124.0
37.46945357322693,249.4,124252.0
37.61406874656677,251.65200000000002,123844.0
37.75768184661865,249.4,124676.0
37.905288219451904,251.65200000000002,123792.0
38.047916650772095,247.148,122631.0
38.19451403617859,247.148,123429.0
38.34311771392822,247.148,123725.0
38.49827837944031,247.148,124536.0
38.68078804016113,256.15599999999995,124412.0
38.82939028739929,256.15599999999995,124793.0
38.97801208496094,258.40799999999996,124375.0
39.12760806083679,258.40799999999996,125034.0
39.27822303771973,262.912,123965.0
39.443219900131226,267.416,123920.0
39.59481382369995,280.92799999999994,125422.0
39.748403787612915,276.424,126057.0
39.90400552749634,274.17199999999997,126125.0
40.064558267593384,265.164,124077.0
40.21916198730469,258.40799999999996,124479.0
40.37971615791321,253.90399999999997,125003.0
40.53631567955017,256.15599999999995,125444.0
40.692878007888794,265.164,124895.0
40.84846234321594,269.668,125036.0
41.00703811645508,276.424,125402.0
41.160627603530884,280.92799999999994,124112.0
41.31820631027222,287.68399999999997,124427.0
41.48476457595825,292.18799999999993,125554.0
41.6443350315094,301.19599999999997,126254.0
41.80191421508789,307.95199999999994,126359.0
41.96248412132263,303.448,124651.0
42.12308168411255,296.69199999999995,124954.0
42.28761577606201,287.68399999999997,125277.0
42.45317244529724,285.43199999999996,125439.0
42.62072515487671,289.9359999999999,124251.0
42.78329038619995,289.9359999999999,125083.0
42.95431423187256,289.9359999999999,124874.0
43.11892104148865,285.43199999999996,125793.0
43.286473512649536,307.95199999999994,126255.0
43.4584801197052,314.70799999999997,124979.0
43.63149094581604,310.20399999999995,125596.0
43.80004119873047,305.69999999999993,126193.0
43.97058606147766,303.448,126249.0
44.13614201545715,303.448,124661.0
44.31965160369873,298.94399999999996,125093.0
44.49418568611145,301.19599999999997,125965.0
44.66672372817993,301.19599999999997,126068.0
44.836270332336426,303.448,126161.0
45.00781178474426,301.19599999999997,124807.0
45.179375886917114,301.19599999999997,125450.0
45.352394104003906,307.95199999999994,125652.0
45.53194618225098,305.69999999999993,126355.0
45.714425802230835,305.69999999999993,126654.0
45.89095401763916,307.95199999999994,125730.0
46.06648540496826,310.20399999999995,126141.0
46.24301290512085,303.448,126229.0
46.446470737457275,305.69999999999993,126979.0
46.67119264602661,305.69999999999993,127126.0
46.89107966423035,314.70799999999997,125488.0
47.11547899246216,316.96,126856.0
47.31893491744995,321.464,127245.0
47.54034376144409,328.21999999999997,127231.0
47.76526498794556,328.21999999999997,126682.0
47.98013973236084,325.96799999999996,127182.0
48.185606241226196,325.96799999999996,127443.0
48.39255881309509,328.21999999999997,126775.0
48.61990690231323,328.21999999999997,127370.0
48.849295139312744,319.212,127147.0
49.0746910572052,314.70799999999997,127516.0
49.28357172012329,319.212,125995.0
49.47307586669922,325.96799999999996,127205.0
49.665549755096436,325.96799999999996,127422.0
49.85404634475708,328.21999999999997,125989.0
50.04453659057617,334.97599999999994,127245.0
50.23602533340454,332.724,127130.0
50.42353177070618,330.472,127613.0
50.62598276138306,332.724,127171.0
50.81647348403931,330.472,127036.0
51.00796103477478,330.472,127464.0
51.19845151901245,332.724,127554.0
51.395957469940186,330.472,126657.0
51.59441614151001,330.472,127098.0
51.79385995864868,337.22799999999995,127502.0
51.98734736442566,339.47999999999996,127415.0
52.18585753440857,337.22799999999995,127031.0
52.38128972053528,334.97599999999994,127140.0
52.58977174758911,343.9839999999999,127599.0
52.792505741119385,339.47999999999996,126208.0
52.995962142944336,330.472,127117.0
53.194453716278076,332.724,127427.0
53.41395807266235,332.724,127493.0
53.670255184173584,337.22799999999995,126104.0
53.89966917037964,332.724,127035.0
54.123058795928955,332.724,127465.0
54.35642170906067,332.724,126599.0
54.57483696937561,325.96799999999996,127037.0
54.80023431777954,332.724,127620.0
55.02067470550537,334.97599999999994,126334.0
55.23708248138428,334.97599999999994,127383.0
55.44552564620972,350.73999999999995,127810.0
55.67295694351196,375.51199999999994,127436.0
56.11797738075256,389.024,128129.0
56.34341335296631,398.0319999999999,127518.0
56.566943645477295,400.28399999999993,128116.0
56.80730652809143,402.53599999999994,128238.0
57.03770685195923,402.53599999999994,128092.0
57.28003931045532,402.53599999999994,128139.0
57.49745845794678,398.0319999999999,128201.0
57.727842569351196,398.0319999999999,127443.0
57.95720314979553,400.28399999999993,128039.0
58.19056057929993,398.0319999999999,128154.0
58.42094421386719,400.28399999999993,128172.0
58.6512188911438,400.28399999999993,127953.0
58.880605936050415,402.53599999999994,128084.0
59.103025913238525,402.53599999999994,128240.0
59.33241653442383,404.78799999999995,127503.0
59.55682396888733,404.78799999999995,127992.0
59.79418158531189,402.53599999999994,128235.0
