time,force,ppg,sys_bp,dia_bp
0.14401841163635254,31.700000000000045,49109.0,99,74
0.2189009189605713,26.100000000000023,71046.0
0.32268857955932617,26.100000000000023,82179.0
0.4283583164215088,26.100000000000023,77377.0
0.5929181575775146,37.30000000000001,107475.0
0.6972522735595703,54.10000000000002,111016.0
0.8021695613861084,76.50000000000006,115835.0
0.9060771465301514,93.30000000000007,118829.0
1.0718638896942139,70.90000000000003,120904.0
1.1763474941253662,59.69999999999999,121290.0
1.2801048755645752,76.50000000000006,121555.0
1.3849270343780518,76.50000000000006,121863.0
1.5523483753204346,59.69999999999999,121973.0
1.6556665897369385,54.10000000000002,121861.0
1.762131690979004,59.69999999999999,121771.0
1.8668491840362549,65.30000000000001,121895.0
2.0324180126190186,70.90000000000003,122550.0
2.137300968170166,76.50000000000006,122744.0
2.2410271167755127,87.70000000000005,123199.0
2.3449208736419678,93.30000000000007,123519.0
2.5134615898132324,93.30000000000007,123770.0
2.617241859436035,82.10000000000002,123805.0
2.721798896789551,82.10000000000002,123816.0
2.8274433612823486,76.50000000000006,123764.0
2.991158962249756,76.50000000000006,123919.0
3.0959084033966064,93.30000000000007,124007.0
3.20088267326355,93.30000000000007,124025.0
3.3046157360076904,93.30000000000007,124117.0
3.4724960327148438,98.90000000000003,124404.0
3.578207492828369,98.90000000000003,124395.0
3.6819040775299072,93.30000000000007,124436.0
3.7856791019439697,93.30000000000007,124533.0
3.95418119430542,98.90000000000003,124605.0
4.05800724029541,98.90000000000003,124577.0
4.161790609359741,104.5,124672.0
4.267538547515869,104.5,124737.0
4.432334661483765,104.5,124779.0
4.537243127822876,104.5,124833.0
4.641888856887817,104.5,124877.0
4.7474892139434814,98.90000000000003,124914.0
4.9120776653289795,104.5,124915.0
5.016096830368042,98.90000000000003,124958.0
5.119811773300171,93.30000000000007,124979.0
5.2257349491119385,98.90000000000003,125004.0
5.39169454574585,93.30000000000007,124992.0
5.494667291641235,93.30000000000007,125022.0
5.6011741161346436,93.30000000000007,125041.0
5.705081462860107,98.90000000000003,124951.0
5.871438980102539,87.70000000000005,124971.0
5.976144552230835,98.90000000000003,125004.0
6.080851078033447,98.90000000000003,124941.0
6.184807538986206,98.90000000000003,124901.0
6.353532314300537,104.5,124988.0
6.458271026611328,110.10000000000002,124965.0
6.5619940757751465,104.5,124901.0
6.666861057281494,98.90000000000003,124963.0
6.83160662651062,104.5,125025.0
6.937319278717041,98.90000000000003,124977.0
7.04205322265625,104.5,125010.0
7.145792245864868,104.5,125047.0
7.313346862792969,98.90000000000003,125014.0
7.418104887008667,104.5,125015.0
7.522958993911743,98.90000000000003,125045.0
7.626647233963013,98.90000000000003,125061.0
7.791075229644775,93.30000000000007,124969.0
7.895813465118408,98.90000000000003,125031.0
8.000806331634521,98.90000000000003,125056.0
8.10552191734314,104.5,125072.0
8.271429061889648,98.90000000000003,124998.0
8.3771812915802,104.5,125024.0
8.480926513671875,104.5,125038.0
8.584722757339478,104.5,124964.0
8.752375602722168,98.90000000000003,124986.0
8.857244968414307,110.10000000000002,125011.0
8.960905313491821,104.5,124972.0
9.066863775253296,104.5,124907.0
9.230948448181152,110.10000000000002,124993.0
9.335846424102783,110.10000000000002,124995.0
9.440819263458252,115.69999999999999,124927.0
9.545377731323242,110.10000000000002,124960.0
9.713973999023438,110.10000000000002,125018.0
9.817804098129272,110.10000000000002,124947.0
9.922370672225952,110.10000000000002,124957.0
10.027273654937744,110.10000000000002,124990.0
10.192138910293579,110.10000000000002,124909.0
10.295866012573242,110.10000000000002,124919.0
10.400850057601929,104.5,124947.0
10.505730628967285,104.5,124958.0
10.673317670822144,104.5,124843.0
10.77724027633667,98.90000000000003,124893.0
10.882897853851318,104.5,124902.0
10.986510038375854,104.5,124921.0
11.15307331085205,104.5,124835.0
11.256988286972046,110.10000000000002,124859.0
11.360652685165405,104.5,124872.0
11.466227769851685,104.5,124848.0
11.632128715515137,104.5,124857.0
11.736784934997559,110.10000000000002,124879.0
11.841660499572754,110.10000000000002,124887.0
11.946962833404541,104.5,124818.0
12.112461566925049,104.5,124914.0
12.216732501983643,110.10000000000002,124942.0
12.321730375289917,104.5,124880.0
12.425673246383667,104.5,124893.0
12.594035863876343,98.90000000000003,124958.0
12.69692587852478,110.10000000000002,124912.0
12.80159330368042,110.10000000000002,124894.0
12.907246589660645,104.5,124933.0
13.07279658317566,115.69999999999999,124931.0
13.176856756210327,115.69999999999999,124905.0
13.281784057617188,115.69999999999999,124977.0
13.38575005531311,121.30000000000001,125012.0
13.552322626113892,121.30000000000001,124941.0
13.656003475189209,121.30000000000001,125018.0
13.759944915771484,115.69999999999999,125059.0
13.864750623703003,121.30000000000001,125092.0
14.034608364105225,126.90000000000003,125030.0
14.13932180404663,126.90000000000003,125088.0
14.243045330047607,126.90000000000003,125138.0
14.348867177963257,134.548,125189.0
14.513676166534424,134.548,125161.0
14.617426633834839,134.548,125185.0
14.72283387184143,126.90000000000003,125228.0
14.826440334320068,126.90000000000003,125164.0
14.99300479888916,126.90000000000003,125223.0
15.096883058547974,134.548,125266.0
15.20049262046814,126.90000000000003,125274.0
15.305471897125244,134.548,125190.0
15.472941875457764,136.79999999999998,125327.0
15.576723337173462,134.548,125346.0
15.682530879974365,134.548,125225.0
15.788090944290161,134.548,125266.0
15.952654361724854,136.79999999999998,125358.0
16.058368921279907,134.548,125211.0
16.16209125518799,136.79999999999998,125220.0
16.265942811965942,136.79999999999998,125281.0
16.433372020721436,136.79999999999998,125235.0
16.538090467453003,136.79999999999998,125199.0
16.64180898666382,136.79999999999998,125265.0
16.748671054840088,139.052,125298.0
16.912091493606567,143.556,125194.0
17.01680636405945,143.556,125301.0
17.12168002128601,150.312,125371.0
17.2256019115448,148.06,125455.0
17.39442753791809,150.312,125407.0
17.499238967895508,148.06,125492.0
17.602996826171875,150.312,125528.0
17.707584857940674,150.312,125584.0
17.875149726867676,145.808,125518.0
17.979859590530396,150.312,125543.0
18.08258605003357,150.312,125590.0
18.189300775527954,150.312,125514.0
18.353198766708374,152.564,125547.0
18.457915544509888,152.564,125611.0
18.562639713287354,152.564,125559.0
18.667383193969727,152.564,125396.0
18.8329176902771,152.564,125596.0
18.938628911972046,159.32,125599.0
19.04136371612549,154.81599999999997,125404.0
19.149067401885986,157.06799999999998,125446.0
19.31263256072998,152.564,125636.0
19.42034125328064,154.81599999999997,125505.0
19.52207851409912,152.564,125460.0
19.627790212631226,152.564,125562.0
19.792352199554443,154.81599999999997,125647.0
19.901056051254272,161.572,125544.0
20.001790523529053,161.572,125618.0
20.10551643371582,159.32,125669.0
20.273184061050415,159.32,125616.0
20.377069234848022,161.572,125642.0
20.481587886810303,163.82399999999998,125690.0
20.587306022644043,163.82399999999998,125714.0
20.754077672958374,166.076,125615.0
20.85779118537903,163.82399999999998,125671.0
20.96265721321106,166.076,125700.0
21.06922936439514,163.82399999999998,125743.0
21.2337908744812,163.82399999999998,125590.0
21.348498582839966,166.076,125634.0
21.443233251571655,166.076,125674.0
21.547061681747437,163.82399999999998,125599.0
21.713837385177612,163.82399999999998,125567.0
21.818807125091553,161.572,125608.0
21.92228603363037,161.572,125625.0
22.02826762199402,161.572,125429.0
22.192938566207886,166.076,125594.0
22.302533864974976,168.328,125666.0
22.403265476226807,170.58,125555.0
22.50812077522278,170.58,125502.0
22.672547578811646,172.832,125682.0
22.785229921340942,172.832,125665.0
22.880980253219604,170.58,125556.0
22.987020015716553,172.832,125641.0
23.153579711914062,172.832,125751.0
23.26726722717285,172.832,125637.0
23.363014459609985,175.084,125664.0
23.46773648262024,175.084,125725.0
23.633477687835693,179.588,125706.0
23.75315237045288,181.83999999999997,125666.0
23.84490704536438,184.09199999999998,125732.0
23.946635007858276,177.336,125767.0
24.11319875717163,181.83999999999997,125629.0
24.234864473342896,179.588,125697.0
24.3306086063385,179.588,125730.0
24.427350759506226,179.588,125756.0
24.5940842628479,179.588,125593.0
24.7177414894104,179.588,125651.0
24.81049346923828,184.09199999999998,125681.0
24.909234762191772,184.09199999999998,125704.0
25.07279944419861,186.344,125649.0
25.19646167755127,184.09199999999998,125701.0
25.28821635246277,186.344,125737.0
25.38695740699768,188.596,125624.0
25.55357336997986,188.596,125679.0
25.690205097198486,193.1,125719.0
25.797917366027832,193.1,125708.0
25.891666173934937,188.596,125628.0
26.0323007106781,188.596,125745.0
26.156957626342773,186.344,125763.0
26.25172519683838,186.344,125623.0
26.347447633743286,195.352,125653.0
26.514158964157104,195.352,125762.0
26.627854585647583,195.352,125630.0
26.725593090057373,195.352,125637.0
26.8283212184906,195.352,125705.0
26.994875192642212,195.352,125681.0
27.110564470291138,195.352,125639.0
27.216299057006836,197.60399999999998,125723.0
27.313023567199707,199.856,125759.0
27.473599195480347,199.856,125667.0
27.578316688537598,197.60399999999998,125726.0
27.690014839172363,197.60399999999998,125775.0
27.78781270980835,195.352,125792.0
27.955397367477417,202.108,125719.0
28.088008165359497,204.36,125760.0
28.190733432769775,204.36,125762.0
28.292462825775146,199.856,125783.0
28.43315553665161,206.612,125713.0
28.5417959690094,206.612,125747.0
28.65549087524414,206.612,125770.0
28.75722026824951,206.612,125706.0
28.912919759750366,206.612,125697.0
29.022510766983032,208.864,125728.0
29.12822723388672,206.612,125731.0
29.23392105102539,211.116,125596.0
29.39328670501709,211.116,125694.0
29.51096796989441,215.62,125727.0
29.621673583984375,213.36800000000002,125653.0
29.728387355804443,213.36800000000002,125629.0
29.874118328094482,211.116,125786.0
29.989747524261475,213.36800000000002,125794.0
30.103442668914795,213.36800000000002,125703.0
30.211153745651245,213.36800000000002,125740.0
30.353901386260986,204.36,125839.0
30.47644543647766,204.36,125734.0
30.590147256851196,202.108,125707.0
30.699849128723145,204.36,125778.0
30.833634614944458,208.864,125728.0
30.942200422286987,213.36800000000002,125622.0
31.05489945411682,213.36800000000002,125696.0
31.17066526412964,217.872,125720.0
31.313213348388672,222.37599999999998,125593.0
31.441875457763672,222.37599999999998,125642.0
31.55655264854431,226.87999999999997,125700.0
31.67124605178833,224.62799999999996,125707.0
31.79292106628418,220.12400000000002,125626.0
31.90960955619812,224.62799999999996,125685.0
32.0243022441864,222.37599999999998,125705.0
32.143983364105225,224.62799999999996,125740.0
32.27273941040039,226.87999999999997,125688.0
32.38533806800842,233.636,125718.0
32.50202512741089,235.888,125717.0
32.62172842025757,233.636,125722.0
32.755348682403564,238.13999999999996,125692.0
32.8820321559906,235.888,125707.0
33.0027220249176,233.636,125706.0
33.12040638923645,231.384,125697.0
33.2430784702301,238.13999999999996,125693.0
33.35976696014404,238.13999999999996,125711.0
33.482853174209595,238.13999999999996,125717.0
33.660369873046875,235.888,125641.0
33.79503679275513,242.64399999999998,125691.0
33.927656173706055,238.13999999999996,125726.0
34.06629657745361,238.13999999999996,125632.0
34.19845247268677,242.64399999999998,125716.0
34.38799571990967,244.896,125736.0
34.52862048149109,238.13999999999996,125669.0
34.67722225189209,240.39199999999997,125709.0
34.820393323898315,244.896,125712.0
34.9550621509552,242.64399999999998,125643.0
35.11759328842163,242.64399999999998,125696.0
35.280155181884766,247.148,125735.0
35.42576622962952,242.64399999999998,125661.0
35.56041669845581,244.896,125707.0
35.7040228843689,242.64399999999998,125687.0
35.837671995162964,244.896,125618.0
35.9643349647522,247.148,125666.0
36.113056659698486,244.896,125621.0
36.24557542800903,244.896,125648.0
36.37423038482666,249.4,125694.0
36.5028862953186,247.148,125704.0
36.638524532318115,247.148,125627.0
36.77017259597778,253.90399999999997,125672.0
36.90481185913086,256.15599999999995,125680.0
37.041446685791016,256.15599999999995,125685.0
37.1750910282135,260.65999999999997,125621.0
37.307734966278076,256.15599999999995,125658.0
37.44237661361694,262.912,125676.0
37.574023962020874,269.668,125607.0
37.71065711975098,267.416,125639.0
37.84484648704529,269.668,125652.0
37.98247814178467,265.164,125660.0
38.11811542510986,265.164,125632.0
38.2567458152771,265.164,125649.0
38.397369384765625,258.40799999999996,125648.0
38.5350022315979,265.164,125657.0
38.67463660240173,267.416,125668.0
38.818244218826294,271.91999999999996,125675.0
38.95587730407715,269.668,125596.0
39.101486682891846,267.416,125636.0
39.24310827255249,269.668,125647.0
39.385732650756836,271.91999999999996,125571.0
39.52535367012024,269.668,125641.0
39.67096447944641,269.668,125651.0
39.819589376449585,269.668,125572.0
39.9651780128479,267.416,125618.0
40.10680031776428,274.17199999999997,125598.0
40.25240993499756,271.91999999999996,125523.0
40.39403200149536,265.164,125568.0
40.54063940048218,271.91999999999996,125623.0
40.68525409698486,271.91999999999996,125541.0
40.83385634422302,274.17199999999997,125588.0
40.979466676712036,274.17199999999997,125621.0
41.12906813621521,276.424,125546.0
41.285649061203,276.424,125580.0
41.43524885177612,280.92799999999994,125555.0
41.58385157585144,285.43199999999996,125472.0
41.73445916175842,287.68399999999997,125501.0
41.88606262207031,289.9359999999999,125438.0
42.04063057899475,287.68399999999997,125429.0
42.188236951828,287.68399999999997,125467.0
42.353793144226074,294.43999999999994,125380.0
42.50738286972046,294.43999999999994,125399.0
42.67099976539612,289.9359999999999,125454.0
42.83611869812012,289.9359999999999,125416.0
42.996689558029175,287.68399999999997,125476.0
43.14928126335144,287.68399999999997,125495.0
43.30685877799988,287.68399999999997,125511.0
43.45945072174072,289.9359999999999,125451.0
43.61503601074219,289.9359999999999,125496.0
43.77161741256714,292.18799999999993,125502.0
43.934181928634644,292.18799999999993,125450.0
44.09874224662781,292.18799999999993,125492.0
44.25731897354126,301.19599999999997,125490.0
44.417888879776,303.448,125389.0
44.57946586608887,301.19599999999997,125428.0
44.73603963851929,303.448,125439.0
44.89962434768677,305.69999999999993,125411.0
45.06117033958435,307.95199999999994,125419.0
45.22373580932617,310.20399999999995,125429.0
45.383312702178955,305.69999999999993,125409.0
45.55684542655945,303.448,125446.0
45.72442173957825,307.95199999999994,125426.0
45.893943071365356,305.69999999999993,125441.0
46.06251263618469,307.95199999999994,125453.0
46.230061292648315,312.45599999999996,125406.0
46.40161061286926,310.20399999999995,125415.0
46.57313394546509,310.20399999999995,125428.0
46.73669767379761,307.95199999999994,125383.0
46.91322469711304,312.45599999999996,125399.0
47.07980012893677,310.20399999999995,125342.0
47.264286279678345,312.45599999999996,125403.0
47.488211154937744,316.96,125405.0
47.71161413192749,314.70799999999997,125398.0
47.93445181846619,314.70799999999997,125409.0
48.10843825340271,316.96,125343.0
48.279980421066284,316.96,125366.0
48.45351576805115,321.464,125302.0
48.6260552406311,323.71599999999995,125351.0
48.8016095161438,323.71599999999995,125350.0
48.976502656936646,321.464,125263.0
49.15899705886841,323.71599999999995,125345.0
49.33353042602539,321.464,125322.0
49.50907921791077,328.21999999999997,125290.0
49.68858194351196,330.472,125323.0
49.868101358413696,334.97599999999994,125198.0
50.0456268787384,328.21999999999997,125230.0
50.22514772415161,328.21999999999997,125240.0
50.400206565856934,334.97599999999994,125211.0
50.579729318618774,339.47999999999996,125252.0
50.75924515724182,337.22799999999995,125190.0
50.93679332733154,341.7319999999999,125210.0
51.12733221054077,339.47999999999996,125212.0
51.31283736228943,341.7319999999999,125153.0
51.49734377861023,343.9839999999999,125209.0
51.68587565422058,348.48799999999994,125142.0
51.87536835670471,341.7319999999999,125189.0
52.09976863861084,343.9839999999999,125234.0
52.31818461418152,346.23599999999993,125177.0
52.55555462837219,346.23599999999993,125215.0
52.76798224449158,350.73999999999995,125152.0
52.983407497406006,348.48799999999994,125196.0
53.201823234558105,355.24399999999997,125133.0
53.42722153663635,361.99999999999994,125120.0
53.64264392852783,361.99999999999994,125087.0
53.847110986709595,355.24399999999997,125130.0
54.04955577850342,352.99199999999996,125156.0
54.28991436958313,352.99199999999996,125138.0
54.5272798538208,352.99199999999996,125178.0
54.776612997055054,348.48799999999994,125152.0
54.97707653045654,352.99199999999996,125178.0
55.17956757545471,348.48799999999994,125155.0
55.38499069213867,348.48799999999994,125193.0
55.584453105926514,350.73999999999995,125141.0
55.787909269332886,348.48799999999994,125179.0
55.990368604660034,348.48799999999994,125139.0
56.18929123878479,355.24399999999997,125136.0
56.3907527923584,350.73999999999995,125115.0
56.58822417259216,357.496,125120.0
56.80364799499512,357.496,125128.0
57.007115602493286,357.496,125107.0
57.21654796600342,357.496,125142.0
57.416014432907104,357.496,125079.0
57.619470834732056,364.25199999999995,125082.0
57.82001996040344,364.25199999999995,125008.0
58.025434494018555,368.756,125042.0
58.2358922958374,368.756,125056.0
58.44332432746887,373.26,124979.0
58.6467764377594,373.26,125019.0
58.85421967506409,377.76399999999995,124978.0
59.0686457157135,382.268,124996.0
59.2860963344574,375.51199999999994,124971.0
59.491530418395996,380.01599999999996,124977.0
59.70494556427002,380.01599999999996,124966.0
59.910409450531006,375.51199999999994,124936.0
