time,force,ppg,sys_bp,dia_bp
0.17109942436218262,0,1947.0,107,69
0.27830028533935547,0,1836.0
0.3820984363555908,0,1831.0
0.48694586753845215,0,2850.0
0.6542971134185791,0,11240.0
0.7570650577545166,0,15818.0
0.8617937564849854,0,18955.0
0.9674551486968994,0,19523.0
1.1340141296386719,0,25409.0
1.2389163970947266,0,28327.0
1.3434484004974365,11.199999999999989,29762.0
1.4471771717071533,16.80000000000001,30454.0
1.6169326305389404,22.399999999999977,31127.0
1.7216081619262695,39.19999999999999,31173.0
1.8253812789916992,39.19999999999999,31242.0
1.9311928749084473,39.19999999999999,31271.0
2.0969510078430176,33.599999999999966,31315.0
2.2009246349334717,22.399999999999977,31287.0
2.3053858280181885,16.80000000000001,31255.0
2.4101955890655518,11.199999999999989,31249.0
2.5757720470428467,11.199999999999989,31239.0
2.6804778575897217,5.600000000000023,31243.0
2.7852942943573,5.600000000000023,31233.0
2.890084743499756,11.199999999999989,31181.0
3.0564727783203125,16.80000000000001,31236.0
3.1622040271759033,11.199999999999989,31259.0
3.266127586364746,5.600000000000023,31278.0
3.3698298931121826,11.199999999999989,31303.0
3.5401761531829834,33.599999999999966,31273.0
3.6440083980560303,27.999999999999943,31267.0
3.7479822635650635,39.19999999999999,31243.0
3.8536438941955566,50.39999999999998,31256.0
4.020199775695801,44.799999999999955,31323.0
4.124158143997192,39.19999999999999,31341.0
4.228830575942993,22.399999999999977,31303.0
4.333358287811279,16.80000000000001,31203.0
4.500914096832275,22.399999999999977,31145.0
4.603809356689453,27.999999999999943,31168.0
4.707646608352661,33.599999999999966,31200.0
4.814250707626343,33.599999999999966,31222.0
4.980809211730957,33.599999999999966,31242.0
5.0839948654174805,33.599999999999966,31202.0
5.1897759437561035,33.599999999999966,31184.0
5.294306039810181,33.599999999999966,31152.0
5.461866140365601,33.599999999999966,31128.0
5.565613269805908,27.999999999999943,31115.0
5.671375036239624,27.999999999999943,31096.0
5.775075197219849,22.399999999999977,31100.0
5.941584825515747,27.999999999999943,30955.0
6.045317649841309,27.999999999999943,30983.0
6.1500937938690186,27.999999999999943,31006.0
6.253803491592407,27.999999999999943,31012.0
6.422299385070801,27.999999999999943,31097.0
6.527108907699585,22.399999999999977,31104.0
6.6310319900512695,27.999999999999943,31097.0
6.735790967941284,33.599999999999966,31081.0
6.904256105422974,33.599999999999966,31147.0
7.009058952331543,33.599999999999966,31171.0
7.112733364105225,27.999999999999943,31181.0
7.2174530029296875,33.599999999999966,31206.0
7.383962392807007,33.599999999999966,31250.0
7.487853050231934,33.599999999999966,31234.0
7.5943872928619385,33.599999999999966,31263.0
7.6981587409973145,33.599999999999966,31280.0
7.864682912826538,33.599999999999966,31314.0
7.969394683837891,33.599999999999966,31335.0
8.073111295700073,33.599999999999966,31357.0
8.177863121032715,33.599999999999966,31366.0
8.346680879592896,33.599999999999966,31363.0
8.450396537780762,33.599999999999966,31378.0
8.556213855743408,39.19999999999999,31403.0
8.660927534103394,39.19999999999999,31434.0
8.825350761413574,44.799999999999955,31510.0
8.931191205978394,44.799999999999955,31494.0
9.034899950027466,39.19999999999999,31463.0
9.140512228012085,33.599999999999966,31455.0
9.306133031845093,33.599999999999966,31469.0
9.409894704818726,33.599999999999966,31469.0
9.516496419906616,27.999999999999943,31477.0
9.621284484863281,27.999999999999943,31483.0
9.787778377532959,33.599999999999966,31438.0
9.891583442687988,33.599999999999966,31445.0
9.99621295928955,33.599999999999966,31451.0
10.100040674209595,33.599999999999966,31474.0
10.26949167251587,39.19999999999999,31533.0
10.37338376045227,39.19999999999999,31561.0
10.477154016494751,39.19999999999999,31571.0
10.581812143325806,39.19999999999999,31536.0
10.748858451843262,39.19999999999999,31531.0
10.852601051330566,44.799999999999955,31542.0
10.958611726760864,39.19999999999999,31559.0
11.063281774520874,39.19999999999999,31577.0
11.229824304580688,44.799999999999955,31619.0
11.33353877067566,44.799999999999955,31578.0
11.437528848648071,44.799999999999955,31570.0
11.543278694152832,39.19999999999999,31582.0
11.710965394973755,50.39999999999998,31608.0
11.81551742553711,44.799999999999955,31627.0
11.920238018035889,39.19999999999999,31639.0
12.024192094802856,44.799999999999955,31652.0
12.191998958587646,44.799999999999955,31598.0
12.295885562896729,44.799999999999955,31617.0
12.399671077728271,44.799999999999955,31628.0
12.505326986312866,44.799999999999955,31637.0
12.67084789276123,44.799999999999955,31680.0
12.77571988105774,44.799999999999955,31666.0
12.881397485733032,44.799999999999955,31626.0
12.98521113395691,44.799999999999955,31628.0
13.152523040771484,50.39999999999998,31660.0
13.257265567779541,44.799999999999955,31676.0
13.362162351608276,44.799999999999955,31692.0
13.466218709945679,44.799999999999955,31703.0
13.63300633430481,44.799999999999955,31625.0
13.736749649047852,44.799999999999955,31644.0
13.842323541641235,39.19999999999999,31654.0
13.946843385696411,50.39999999999998,31668.0
14.115183115005493,50.39999999999998,31722.0
14.219144344329834,50.39999999999998,31738.0
14.322725296020508,50.39999999999998,31723.0
14.427414655685425,44.799999999999955,31670.0
14.596386194229126,56.0,31683.0
14.70026421546936,61.60000000000002,31697.0
14.804093360900879,61.60000000000002,31725.0
14.908766031265259,61.60000000000002,31760.0
15.074270248413086,61.60000000000002,31824.0
15.180091619491577,56.0,31761.0
15.284144878387451,56.0,31731.0
15.38817024230957,56.0,31746.0
15.557864904403687,61.60000000000002,31777.0
15.661624670028687,61.60000000000002,31803.0
15.766218662261963,61.60000000000002,31824.0
15.870988845825195,61.60000000000002,31830.0
16.037752151489258,56.0,31763.0
16.141724824905396,61.60000000000002,31776.0
16.24720859527588,56.0,31792.0
16.352043628692627,56.0,31802.0
16.519461154937744,56.0,31849.0
16.623178005218506,56.0,31864.0
16.727042198181152,61.60000000000002,31882.0
16.83278226852417,56.0,31832.0
17.000189065933228,61.60000000000002,31818.0
17.10303235054016,67.19999999999999,31838.0
17.20962381362915,67.19999999999999,31857.0
17.312707662582397,61.60000000000002,31879.0
17.48026204109192,61.60000000000002,31911.0
17.585971355438232,67.19999999999999,31853.0
17.68774104118347,67.19999999999999,31836.0
17.79341721534729,67.19999999999999,31857.0
17.959309101104736,67.19999999999999,31901.0
18.06411337852478,67.19999999999999,31927.0
18.168641567230225,67.19999999999999,31949.0
18.273312091827393,67.19999999999999,31923.0
18.440866231918335,61.60000000000002,31911.0
18.5495707988739,61.60000000000002,31921.0
18.648306846618652,67.19999999999999,31934.0
18.753104209899902,67.19999999999999,31955.0
18.921576738357544,72.80000000000001,31911.0
19.02541756629944,72.80000000000001,31936.0
19.130018949508667,78.40000000000003,31973.0
19.233999967575073,78.40000000000003,31978.0
19.40229320526123,72.80000000000001,32047.0
19.51000165939331,72.80000000000001,31991.0
19.611738443374634,78.40000000000003,31957.0
19.716451168060303,78.40000000000003,31992.0
19.883244514465332,78.40000000000003,32041.0
19.98720669746399,84.0,32083.0
20.091928243637085,84.0,32109.0
20.196646690368652,84.0,32017.0
20.363588333129883,84.0,32032.0
20.472293615341187,78.40000000000003,32042.0
20.57303547859192,84.0,32059.0
20.676756620407104,84.0,32093.0
20.84462571144104,84.0,31985.0
20.95534896850586,89.59999999999997,31988.0
21.054059267044067,89.59999999999997,32017.0
21.158777713775635,89.59999999999997,32030.0
21.324336051940918,89.59999999999997,32102.0
21.43031930923462,84.0,32127.0
21.534038543701172,89.59999999999997,32129.0
21.63776707649231,89.59999999999997,32019.0
21.80732226371765,89.59999999999997,32031.0
21.911141395568848,95.19999999999999,32053.0
22.014753103256226,100.79999999999995,32075.0
22.119656801223755,95.19999999999999,32114.0
22.287336349487305,95.19999999999999,32199.0
22.405885457992554,100.79999999999995,32087.0
22.496649742126465,100.79999999999995,32016.0
22.60236668586731,95.19999999999999,32039.0
22.7679340839386,100.79999999999995,32108.0
22.877622604370117,100.79999999999995,32147.0
22.975362062454224,95.19999999999999,32180.0
23.081092834472656,95.19999999999999,32208.0
23.246970653533936,100.79999999999995,32065.0
23.362650871276855,100.79999999999995,32058.0
23.457407236099243,95.19999999999999,32091.0
23.56192636489868,100.79999999999995,32097.0
23.728498220443726,100.79999999999995,32195.0
23.849148273468018,100.79999999999995,32227.0
23.93692374229431,100.79999999999995,32248.0
24.042636394500732,100.79999999999995,32247.0
24.210187673568726,95.19999999999999,32114.0
24.331857442855835,95.19999999999999,32144.0
24.41983962059021,100.79999999999995,32152.0
24.52385139465332,100.79999999999995,32185.0
24.690366744995117,100.79999999999995,32286.0
24.80505681037903,100.79999999999995,32307.0
24.897818565368652,100.79999999999995,32230.0
25.004528522491455,106.39999999999998,32097.0
25.172442197799683,100.79999999999995,32187.0
25.295108556747437,106.39999999999998,32220.0
25.385865926742554,106.39999999999998,32267.0
25.484607934951782,106.39999999999998,32306.0
25.65139079093933,106.39999999999998,32333.0
25.756113052368164,106.39999999999998,32169.0
25.864825010299683,106.39999999999998,32186.0
25.965556144714355,100.79999999999995,32259.0
26.13336682319641,106.39999999999998,32327.0
26.264009714126587,106.39999999999998,32359.0
26.35775899887085,100.79999999999995,32376.0
26.448516130447388,106.39999999999998,32393.0
26.614744901657104,112.0,32280.0
26.718461513519287,140.2,32346.0
26.82320475578308,112.0,32368.0
26.929896116256714,142.5,32393.0
27.094515085220337,140.2,32453.0
27.232142210006714,112.0,32422.0
27.33896517753601,140.2,32289.0
27.434711694717407,112.0,32291.0
27.575576543807983,112.0,32374.0
27.70424461364746,140.2,32402.0
27.80298113822937,140.2,32422.0
27.903692722320557,112.0,32434.0
28.05528974533081,112.0,32212.0
28.159013271331787,112.0,32264.0
28.27270483970642,112.0,32299.0
28.37144136428833,106.39999999999998,32306.0
28.537997722625732,112.0,32386.0
28.671638011932373,112.0,32400.0
28.77236843109131,140.2,32301.0
28.87708854675293,140.2,32191.0
29.0172336101532,142.5,32336.0
29.146879196166992,142.5,32359.0
29.255589962005615,140.2,32387.0
29.35831379890442,142.5,32411.0
29.497949838638306,140.2,32331.0
29.63457441329956,140.2,32203.0
29.741289615631104,140.2,32235.0
29.846009016036987,140.2,32296.0
29.979700565338135,112.0,32364.0
30.093348264694214,140.2,32400.0
30.202056646347046,140.2,32420.0
30.30778956413269,140.2,32439.0
30.458749055862427,140.2,32289.0
30.602360010147095,140.2,32356.0
30.7130343914032,140.2,32378.0
30.818751573562622,140.2,32400.0
30.938441514968872,140.2,32455.0
31.04813814163208,140.2,32445.0
31.164826154708862,140.2,32295.0
31.277525186538696,140.2,32272.0
31.42053532600403,142.5,32387.0
31.553176164627075,142.5,32419.0
31.666872262954712,142.5,32440.0
31.77848720550537,142.5,32457.0
31.902160167694092,142.5,32240.0
32.02981948852539,147.1,32298.0
32.15049195289612,147.1,32372.0
32.26519966125488,147.1,32415.0
32.38187313079834,147.1,32468.0
32.49656629562378,144.8,32485.0
32.61724352836609,144.8,32448.0
32.736923694610596,144.8,32280.0
32.862860679626465,144.8,32384.0
32.99054431915283,147.1,32411.0
33.112199783325195,147.1,32438.0
33.22788906097412,147.1,32458.0
33.355579137802124,147.1,32473.0
33.47522759437561,154.0,32330.0
33.596909284591675,149.4,32300.0
33.71558451652527,154.0,32368.0
33.839253664016724,149.4,32443.0
33.964916944503784,149.4,32468.0
34.0915789604187,147.1,32488.0
34.21125864982605,151.70000000000002,32498.0
34.33592510223389,151.70000000000002,32352.0
34.461618423461914,149.4,32413.0
34.58824944496155,154.0,32446.0
34.71191954612732,151.70000000000002,32462.0
34.838862895965576,156.3,32513.0
34.96751832962036,156.3,32522.0
35.09916543960571,151.70000000000002,32526.0
35.266717195510864,156.3,32455.0
35.42828583717346,158.6,32475.0
35.585864305496216,154.0,32491.0
35.75232148170471,158.6,32535.0
35.908902168273926,158.6,32472.0
36.06648397445679,158.6,32408.0
36.227052450180054,158.6,32502.0
36.388619899749756,158.6,32520.0
36.54819297790527,156.3,32536.0
36.716198444366455,160.89999999999998,32465.0
36.847846031188965,160.89999999999998,32495.0
36.997448682785034,160.89999999999998,32516.0
37.14405393600464,165.5,32529.0
37.29265570640564,165.5,32563.0
37.44225549697876,165.5,32580.0
37.58686923980713,165.5,32520.0
37.728495836257935,165.5,32545.0
37.887080907821655,167.79999999999998,32549.0
38.05062913894653,165.5,32572.0
38.23613214492798,165.5,32556.0
38.379748821258545,170.1,32523.0
38.527363538742065,167.79999999999998,32553.0
38.665990114212036,163.2,32581.0
38.80560922622681,170.1,32587.0
38.94324040412903,170.1,32594.0
39.09239363670349,170.1,32593.0
39.23501229286194,172.4,32564.0
39.37862730026245,170.1,32583.0
39.518253803253174,167.79999999999998,32590.0
39.661869525909424,170.1,32613.0
39.80397415161133,170.1,32592.0
39.95558190345764,172.4,32566.0
