time,force,ppg,sys_bp,dia_bp
0.17213702201843262,0,7169.0,108,73
0.2775733470916748,0,5139.0
0.38329172134399414,0,5173.0
0.4871225357055664,0,5262.0
0.6542189121246338,0,21225.0
0.7579600811004639,0,24144.0
0.8625192642211914,0,24861.0
0.9683206081390381,0,26298.0
1.1337974071502686,0,28324.0
1.2376210689544678,0,28522.0
1.3432338237762451,0,28723.0
1.447005033493042,0,28836.0
1.615511417388916,0.0,29196.0
1.719414472579956,0,29153.0
1.825136423110962,0,28595.0
1.9299349784851074,0,28517.0
2.0964179039001465,0,29365.0
2.200669050216675,11.199999999999989,29483.0
2.3051648139953613,16.80000000000001,29545.0
2.4091196060180664,16.80000000000001,29627.0
2.5766663551330566,0,28809.0
2.6804006099700928,11.199999999999989,29479.0
2.785170316696167,27.999999999999943,29676.0
2.889003276824951,50.39999999999998,29985.0
3.0563788414001465,0.0,29163.0
3.160153388977051,0,27831.0
3.2643723487854004,0,27162.0
3.370163679122925,0,26182.0
3.5377707481384277,0,28301.0
3.6427862644195557,16.80000000000001,28743.0
3.7484183311462402,16.80000000000001,29142.0
3.8523263931274414,33.599999999999966,29203.0
4.0188305377960205,44.799999999999955,29408.0
4.123416423797607,39.19999999999999,29407.0
4.228179216384888,39.19999999999999,29423.0
4.332955360412598,39.19999999999999,29421.0
4.498418569564819,39.19999999999999,29085.0
4.604295492172241,39.19999999999999,29091.0
4.708227634429932,39.19999999999999,29076.0
4.811949253082275,39.19999999999999,29098.0
4.979621171951294,33.599999999999966,29200.0
5.083434104919434,39.19999999999999,29226.0
5.188287258148193,39.19999999999999,29228.0
5.29212498664856,39.19999999999999,29065.0
5.461453437805176,44.799999999999955,29100.0
5.566238880157471,39.19999999999999,29091.0
5.669866561889648,33.599999999999966,29099.0
5.774587869644165,22.399999999999977,29099.0
5.941143751144409,16.80000000000001,29073.0
6.0449254512786865,11.199999999999989,29016.0
6.150578022003174,16.80000000000001,28911.0
6.255298376083374,16.80000000000001,28892.0
6.421860218048096,11.199999999999989,28931.0
6.525629758834839,16.80000000000001,28964.0
6.6302947998046875,16.80000000000001,29002.0
6.735058784484863,16.80000000000001,29030.0
6.903826951980591,16.80000000000001,28931.0
7.007786750793457,16.80000000000001,28922.0
7.113259315490723,16.80000000000001,28950.0
7.217019557952881,16.80000000000001,28948.0
7.384543180465698,16.80000000000001,29011.0
7.488284587860107,27.999999999999943,29047.0
7.593026161193848,33.599999999999966,29108.0
7.697800397872925,27.999999999999943,29146.0
7.8642518520355225,33.599999999999966,28974.0
7.969163179397583,33.599999999999966,28981.0
8.0728280544281,33.599999999999966,28975.0
8.177412033081055,27.999999999999943,29010.0
8.347081422805786,27.999999999999943,29122.0
8.450767517089844,22.399999999999977,29160.0
8.55540132522583,33.599999999999966,29083.0
8.661121368408203,33.599999999999966,28943.0
8.826683044433594,27.999999999999943,28993.0
8.932446956634521,27.999999999999943,29029.0
9.03629469871521,27.999999999999943,29095.0
9.139935970306396,33.599999999999966,29133.0
9.307391881942749,33.599999999999966,29135.0
9.411171674728394,39.19999999999999,28954.0
9.515836954116821,33.599999999999966,28949.0
9.619577646255493,33.599999999999966,29011.0
9.7871413230896,39.19999999999999,29068.0
9.89103388786316,39.19999999999999,29115.0
9.994666337966919,33.599999999999966,29147.0
10.100356101989746,33.599999999999966,29159.0
10.267931699752808,33.599999999999966,28946.0
10.372817516326904,39.19999999999999,28995.0
10.478364944458008,39.19999999999999,28987.0
10.582226514816284,39.19999999999999,29001.0
10.749642372131348,44.799999999999955,29129.0
10.853358030319214,44.799999999999955,29152.0
10.957108736038208,44.799999999999955,29123.0
11.062848329544067,44.799999999999955,28954.0
11.23036241531372,39.19999999999999,29009.0
11.335102319717407,39.19999999999999,29016.0
11.439804792404175,39.19999999999999,29048.0
11.544640064239502,39.19999999999999,29101.0
11.711199283599854,39.19999999999999,29120.0
11.816069602966309,39.19999999999999,28959.0
11.92064356803894,39.19999999999999,28975.0
12.025352716445923,39.19999999999999,29041.0
12.191071510314941,39.19999999999999,29093.0
12.295807600021362,39.19999999999999,29147.0
12.399511098861694,44.799999999999955,29183.0
12.504228830337524,50.39999999999998,29151.0
12.671778678894043,44.799999999999955,29036.0
12.774516344070435,39.19999999999999,29049.0
12.880220413208008,50.39999999999998,29049.0
12.984943389892578,39.19999999999999,29092.0
13.153490781784058,50.39999999999998,29181.0
13.258208751678467,44.799999999999955,29071.0
13.361937046051025,44.799999999999955,28972.0
13.467660903930664,50.39999999999998,29025.0
13.633224248886108,56.0,29117.0
13.736923456192017,50.39999999999998,29161.0
13.84277057647705,50.39999999999998,29189.0
13.947361946105957,50.39999999999998,29209.0
14.11392092704773,50.39999999999998,29035.0
14.21779179573059,50.39999999999998,29103.0
14.322359561920166,50.39999999999998,29150.0
14.427158117294312,44.799999999999955,29148.0
14.595894575119019,44.799999999999955,29226.0
14.699824094772339,56.0,29240.0
14.805298089981079,50.39999999999998,29254.0
14.909142017364502,50.39999999999998,29230.0
15.076800107955933,44.799999999999955,29141.0
15.179616212844849,44.799999999999955,29149.0
15.28432583808899,50.39999999999998,29160.0
15.39006757736206,50.39999999999998,29192.0
15.55759596824646,50.39999999999998,29246.0
15.662309885025024,50.39999999999998,29245.0
15.76729941368103,50.39999999999998,29124.0
15.872020959854126,50.39999999999998,29132.0
16.038578033447266,56.0,29243.0
16.142333507537842,56.0,29273.0
16.24701952934265,50.39999999999998,29287.0
16.351754665374756,44.799999999999955,29301.0
16.517967224121094,50.39999999999998,29156.0
16.62268829345703,50.39999999999998,29168.0
16.727404356002808,50.39999999999998,29235.0
16.832364082336426,56.0,29239.0
16.998950481414795,50.39999999999998,29285.0
17.10263419151306,56.0,29298.0
17.2083523273468,56.0,29309.0
17.312369108200073,56.0,29271.0
17.478084087371826,50.39999999999998,29251.0
17.58315920829773,56.0,29251.0
17.687087297439575,50.39999999999998,29260.0
17.7918062210083,56.0,29282.0
17.959333896636963,56.0,29309.0
18.064197778701782,61.60000000000002,29248.0
18.169914960861206,67.19999999999999,29204.0
18.27363657951355,67.19999999999999,29246.0
18.4401912689209,67.19999999999999,29276.0
18.54491090774536,67.19999999999999,29290.0
18.64863419532776,67.19999999999999,29296.0
18.75338888168335,67.19999999999999,29306.0
18.92198610305786,67.19999999999999,29247.0
19.026211738586426,72.80000000000001,29277.0
19.13197112083435,67.19999999999999,29271.0
19.235673427581787,67.19999999999999,29283.0
19.40308952331543,72.80000000000001,29311.0
19.51275944709778,72.80000000000001,29313.0
19.610491275787354,72.80000000000001,29240.0
19.715203285217285,72.80000000000001,29229.0
19.881771326065063,72.80000000000001,29260.0
19.986478567123413,67.19999999999999,29272.0
20.092204809188843,67.19999999999999,29287.0
20.195931673049927,67.19999999999999,29296.0
20.364450693130493,72.80000000000001,29192.0
20.46918272972107,72.80000000000001,29208.0
20.573911428451538,72.80000000000001,29243.0
20.679048776626587,78.40000000000003,29250.0
20.845632791519165,78.40000000000003,29276.0
20.965353965759277,78.40000000000003,29281.0
21.05412006378174,78.40000000000003,29284.0
21.158857822418213,84.0,29270.0
21.325397491455078,78.40000000000003,29254.0
21.440083980560303,84.0,29251.0
21.533916473388672,84.0,29253.0
21.63855266571045,84.0,29262.0
21.805129051208496,84.0,29280.0
21.90884828567505,84.0,29243.0
22.013591289520264,84.0,29217.0
22.118293523788452,89.59999999999997,29247.0
22.285910844802856,84.0,29258.0
22.391722440719604,84.0,29270.0
22.49643349647522,84.0,29278.0
22.601149320602417,84.0,29284.0
22.76870608329773,84.0,29227.0
22.884456157684326,89.59999999999997,29249.0
22.97620415687561,84.0,29246.0
23.0808744430542,84.0,29253.0
23.249427318572998,84.0,29272.0
23.36411142349243,78.40000000000003,29275.0
23.459856271743774,84.0,29213.0
23.563578128814697,84.0,29204.0
23.728151082992554,84.0,29246.0
23.85381269454956,84.0,29257.0
23.943561553955078,84.0,29269.0
24.042335987091064,89.59999999999997,29272.0
24.21085214614868,84.0,29207.0
24.334515810012817,84.0,29224.0
24.425225019454956,84.0,29244.0
24.52347993850708,84.0,29244.0
24.689034461975098,89.59999999999997,29253.0
24.818681240081787,95.19999999999999,29267.0
24.91143250465393,95.19999999999999,29270.0
25.004184007644653,89.59999999999997,29238.0
25.172745943069458,95.19999999999999,29239.0
25.300418376922607,89.59999999999997,29235.0
25.395164012908936,100.79999999999995,29239.0
25.48689293861389,95.19999999999999,29248.0
25.651639461517334,100.79999999999995,29251.0
25.76514959335327,100.79999999999995,29204.0
25.86191153526306,100.79999999999995,29209.0
25.966615915298462,106.39999999999998,29232.0
26.13317584991455,106.39999999999998,29237.0
26.26382350921631,112.0,29244.0
26.36554265022278,106.39999999999998,29247.0
26.459303379058838,106.39999999999998,29240.0
26.61288595199585,100.79999999999995,29216.0
26.729569911956787,106.39999999999998,29219.0
26.831305742263794,100.79999999999995,29223.0
26.929039478302002,106.39999999999998,29229.0
27.096593856811523,100.79999999999995,29238.0
27.231227159500122,106.39999999999998,29192.0
27.33495044708252,106.39999999999998,29177.0
27.43169069290161,106.39999999999998,29204.0
27.57531213760376,106.39999999999998,29214.0
27.704959869384766,112.0,29224.0
27.8066885471344,112.0,29231.0
27.907448053359985,106.39999999999998,29235.0
28.05606985092163,112.0,29183.0
28.160794734954834,112.0,29203.0
28.26449227333069,140.2,29201.0
28.368225574493408,112.0,29202.0
28.536083221435547,140.2,29218.0
28.649742364883423,142.5,29222.0
28.757448196411133,142.5,29185.0
28.863152265548706,140.2,29161.0
29.01676321029663,112.0,29190.0
29.131434202194214,100.79999999999995,29199.0
29.241159439086914,100.79999999999995,29211.0
29.347856283187866,112.0,29220.0
29.498453617095947,112.0,29170.0
29.6071617603302,112.0,29167.0
29.717865705490112,112.0,29188.0
29.824594020843506,112.0,29187.0
29.979421854019165,112.0,29193.0
30.126025199890137,112.0,29210.0
30.239726305007935,140.2,29210.0
30.349427938461304,140.2,29194.0
30.465152502059937,142.5,29180.0
30.5813250541687,112.0,29178.0
30.69845223426819,140.2,29181.0
30.80915594100952,140.2,29188.0
30.939815521240234,140.2,29202.0
31.074445247650146,140.2,29165.0
31.19213056564331,112.0,29148.0
31.30680513381958,112.0,29172.0
31.424291610717773,112.0,29178.0
31.53798747062683,140.2,29188.0
31.658695697784424,142.5,29192.0
31.774354934692383,144.8,29194.0
31.902079343795776,142.5,29140.0
32.017704010009766,144.8,29162.0
32.14037585258484,149.4,29158.0
32.25806188583374,149.4,29159.0
32.38272738456726,147.1,29175.0
32.502408266067505,147.1,29178.0
32.62508010864258,144.8,29143.0
32.74475908279419,147.1,29124.0
32.872421741485596,142.5,29148.0
32.9941189289093,147.1,29154.0
33.12078070640564,144.8,29164.0
33.244449615478516,144.8,29167.0
33.36911630630493,142.5,29110.0
33.491788148880005,142.5,29131.0
33.62246870994568,147.1,29142.0
33.747105836868286,142.5,29136.0
33.87476468086243,147.1,29154.0
34.001461029052734,147.1,29158.0
34.132102489471436,144.8,29148.0
34.25774908065796,144.8,29105.0
34.39039063453674,147.1,29129.0
34.51806974411011,144.8,29135.0
34.650715351104736,142.5,29148.0
34.788334608078,144.8,29104.0
34.92895007133484,144.8,29101.0
35.0586040019989,147.1,29124.0
35.19526958465576,147.1,29126.0
35.32928705215454,149.4,29135.0
35.46798229217529,147.1,29142.0
35.59962701797485,144.8,29146.0
35.747427463531494,144.8,29114.0
35.89103960990906,149.4,29115.0
36.02568197250366,149.4,29121.0
36.163318395614624,147.1,29128.0
36.30094385147095,147.1,29090.0
36.43558311462402,144.8,29091.0
36.578204870224,149.4,29112.0
36.71683716773987,149.4,29118.0
36.85944938659668,149.4,29130.0
36.99608373641968,151.70000000000002,29102.0
37.13672995567322,156.3,29073.0
37.28135871887207,154.0,29094.0
37.42294883728027,154.0,29103.0
37.565561294555664,151.70000000000002,29115.0
37.71017789840698,151.70000000000002,29062.0
37.85079741477966,154.0,29084.0
37.995965003967285,156.3,29092.0
38.15156674385071,156.3,29106.0
38.300642013549805,154.0,29100.0
38.44226288795471,156.3,29055.0
38.592859983444214,156.3,29051.0
38.73946714401245,158.6,29073.0
38.88608169555664,158.6,29085.0
39.02969217300415,158.6,29093.0
39.18330931663513,158.6,29035.0
39.33088517189026,160.89999999999998,29055.0
39.487510442733765,163.2,29056.0
39.64104151725769,165.5,29067.0
39.79362630844116,167.79999999999998,29067.0
39.94123101234436,163.2,29022.0
