time,force,ppg,sys_bp,dia_bp
0.1688992977142334,44.799999999999955,29448.0,128,88
0.2755880355834961,44.799999999999955,29464.0
0.38157129287719727,50.39999999999998,29487.0
0.4855320453643799,56.0,29428.0
0.6517581939697266,50.39999999999998,29486.0
0.7556807994842529,50.39999999999998,29498.0
0.8585903644561768,50.39999999999998,29541.0
0.9647018909454346,50.39999999999998,29602.0
1.1325137615203857,50.39999999999998,29774.0
1.2378010749816895,50.39999999999998,29687.0
1.3417143821716309,44.799999999999955,29638.0
1.445256233215332,50.39999999999998,29647.0
1.6128489971160889,50.39999999999998,29766.0
1.7176744937896729,50.39999999999998,29818.0
1.8234632015228271,50.39999999999998,29861.0
1.9274828433990479,56.0,29912.0
2.0955660343170166,56.0,29846.0
2.1994853019714355,61.60000000000002,29902.0
2.303499460220337,61.60000000000002,29946.0
2.4094622135162354,67.19999999999999,30005.0
2.5755982398986816,84.0,30233.0
2.6794588565826416,95.19999999999999,30265.0
2.785667896270752,95.19999999999999,30217.0
2.889464855194092,95.19999999999999,30257.0
3.0554656982421875,100.79999999999995,30376.0
3.158675193786621,95.19999999999999,30414.0
3.262601375579834,95.19999999999999,30445.0
3.3696365356445312,106.39999999999998,30502.0
3.5363621711730957,112.0,30468.0
3.6397063732147217,100.79999999999995,30503.0
3.744596242904663,100.79999999999995,30507.0
3.8487579822540283,100.79999999999995,30500.0
4.016592979431152,112.0,30661.0
4.121706247329712,112.0,30718.0
4.22559666633606,112.0,30773.0
4.330479383468628,106.39999999999998,30684.0
4.497906684875488,95.19999999999999,30537.0
4.601141929626465,78.40000000000003,30503.0
4.706618309020996,78.40000000000003,30507.0
4.811680555343628,78.40000000000003,30514.0
4.978582143783569,84.0,30535.0
5.082685232162476,72.80000000000001,30431.0
5.18782639503479,72.80000000000001,30357.0
5.291719913482666,78.40000000000003,30346.0
5.459502220153809,78.40000000000003,30361.0
5.564700365066528,84.0,30377.0
5.668594837188721,89.59999999999997,30401.0
5.773478269577026,89.59999999999997,30467.0
5.940586805343628,84.0,30346.0
6.044477939605713,89.59999999999997,30371.0
6.1490912437438965,95.19999999999999,30387.0
6.253725051879883,89.59999999999997,30416.0
6.419916152954102,89.59999999999997,30496.0
6.5248823165893555,78.40000000000003,30465.0
6.629603624343872,67.19999999999999,30264.0
6.733975172042847,67.19999999999999,30126.0
6.902581691741943,61.60000000000002,29971.0
7.006473779678345,67.19999999999999,30000.0
7.109708786010742,72.80000000000001,30059.0
7.216478586196899,72.80000000000001,30110.0
7.381565809249878,67.19999999999999,29913.0
7.486717939376831,67.19999999999999,29902.0
7.592595815658569,72.80000000000001,29927.0
7.695657730102539,72.80000000000001,29941.0
7.863583087921143,67.19999999999999,30060.0
7.9678053855896,72.80000000000001,30094.0
8.072499752044678,67.19999999999999,30121.0
8.17758822441101,67.19999999999999,29995.0
8.341671466827393,61.60000000000002,29843.0
8.446898221969604,61.60000000000002,29869.0
8.551668882369995,61.60000000000002,29914.0
8.655593633651733,56.0,29946.0
8.823583602905273,61.60000000000002,29925.0
8.929476499557495,56.0,29761.0
9.032532453536987,61.60000000000002,29693.0
9.137474536895752,56.0,29699.0
9.306612253189087,56.0,29764.0
9.414271593093872,50.39999999999998,29790.0
9.51447582244873,50.39999999999998,29797.0
9.621185779571533,56.0,29794.0
9.785579204559326,50.39999999999998,29462.0
9.895240306854248,56.0,29444.0
9.995476961135864,56.0,29450.0
10.102225065231323,44.799999999999955,29520.0
10.267720222473145,50.39999999999998,29592.0
10.371701002120972,50.39999999999998,29658.0
10.475950717926025,50.39999999999998,29614.0
10.580477476119995,44.799999999999955,29252.0
10.748095750808716,44.799999999999955,28711.0
10.8608238697052,44.799999999999955,28890.0
10.957475423812866,50.39999999999998,29082.0
11.063568115234375,56.0,29278.0
11.22775936126709,56.0,29732.0
11.343395233154297,50.39999999999998,29667.0
11.438210725784302,50.39999999999998,29403.0
11.542458057403564,44.799999999999955,29268.0
11.709434986114502,39.19999999999999,28932.0
11.819137811660767,44.799999999999955,29089.0
11.916702508926392,44.799999999999955,29312.0
12.022742509841919,50.39999999999998,29482.0
12.189580917358398,44.799999999999955,29560.0
12.3022301197052,50.39999999999998,29380.0
12.399731874465942,56.0,29391.0
12.503464937210083,56.0,29498.0
12.670576333999634,56.0,29840.0
12.774700403213501,61.60000000000002,29928.0
12.878641128540039,61.60000000000002,29974.0
12.982639789581299,50.39999999999998,30004.0
13.152585983276367,56.0,29655.0
13.273210525512695,50.39999999999998,29648.0
13.361028671264648,44.799999999999955,29640.0
13.465993642807007,50.39999999999998,29693.0
13.631810426712036,61.60000000000002,29937.0
13.751706600189209,56.0,30017.0
13.841444253921509,56.0,30011.0
13.94587755203247,56.0,29827.0
14.113527059555054,56.0,29711.0
14.236480236053467,56.0,29764.0
14.3222496509552,61.60000000000002,29822.0
14.426588773727417,61.60000000000002,29916.0
14.593849897384644,61.60000000000002,30107.0
14.71945595741272,61.60000000000002,29957.0
14.806070804595947,56.0,29910.0
14.908449411392212,56.0,29904.0
15.072654247283936,56.0,30015.0
15.20212459564209,61.60000000000002,30053.0
15.292695999145508,61.60000000000002,30086.0
15.38747262954712,61.60000000000002,30119.0
15.556571245193481,61.60000000000002,29912.0
15.671221494674683,67.19999999999999,29901.0
15.764832735061646,61.60000000000002,29907.0
15.870471715927124,67.19999999999999,29898.0
16.03554081916809,67.19999999999999,30038.0
16.164193391799927,61.60000000000002,30075.0
16.285849809646606,61.60000000000002,30108.0
16.379173278808594,67.19999999999999,30045.0
16.514531135559082,56.0,29815.0
16.619645357131958,61.60000000000002,29838.0
16.724402904510498,61.60000000000002,29882.0
16.84027338027954,61.60000000000002,29941.0
16.995813131332397,67.19999999999999,30059.0
17.11905026435852,72.80000000000001,30127.0
17.21792960166931,72.80000000000001,30050.0
17.315343141555786,72.80000000000001,29945.0
17.475733041763306,72.80000000000001,29955.0
17.594802379608154,72.80000000000001,29999.0
17.69244623184204,61.60000000000002,30036.0
17.793797492980957,67.19999999999999,30066.0
17.95792245864868,67.19999999999999,30195.0
18.082707166671753,67.19999999999999,30096.0
18.189414262771606,67.19999999999999,30014.0
18.29113483428955,72.80000000000001,30022.0
18.439567804336548,78.40000000000003,30132.0
18.5562584400177,72.80000000000001,30173.0
18.66065740585327,78.40000000000003,30210.0
18.76637101173401,78.40000000000003,30262.0
18.919556140899658,78.40000000000003,30147.0
19.047217845916748,78.40000000000003,30143.0
19.15334963798523,84.0,30170.0
19.26005530357361,84.0,30200.0
19.401684761047363,78.40000000000003,30303.0
19.51164698600769,78.40000000000003,30335.0
19.621384859085083,78.40000000000003,30370.0
19.730124711990356,67.19999999999999,30389.0
19.882463693618774,72.80000000000001,30065.0
20.004526376724243,78.40000000000003,30082.0
20.115172624588013,72.80000000000001,30132.0
20.226874113082886,78.40000000000003,30196.0
20.36168360710144,78.40000000000003,30357.0
20.474615812301636,78.40000000000003,30392.0
20.588446140289307,78.40000000000003,30368.0
20.70162606239319,78.40000000000003,30184.0
20.843441009521484,84.0,30162.0
20.97145938873291,84.0,30214.0
21.086150407791138,84.0,30281.0
21.201802253723145,84.0,30323.0
21.322614908218384,78.40000000000003,30432.0
21.440733671188354,78.40000000000003,30413.0
21.558815717697144,78.40000000000003,30229.0
21.677467346191406,72.80000000000001,30172.0
21.802634239196777,84.0,30238.0
21.91932439804077,78.40000000000003,30306.0
22.04049301147461,84.0,30359.0
22.16012477874756,89.59999999999997,30406.0
22.284465074539185,84.0,30495.0
22.416736602783203,84.0,30310.0
22.539392709732056,89.59999999999997,30281.0
22.663573741912842,95.19999999999999,30318.0
22.787246227264404,89.59999999999997,30410.0
22.909876108169556,84.0,30461.0
23.03163766860962,95.19999999999999,30517.0
23.158105850219727,89.59999999999997,30582.0
23.285712003707886,89.59999999999997,30348.0
23.41210627555847,89.59999999999997,30318.0
23.540751457214355,89.59999999999997,30335.0
23.66841459274292,89.59999999999997,30349.0
23.79707908630371,89.59999999999997,30469.0
23.926501750946045,89.59999999999997,30521.0
24.056154251098633,89.59999999999997,30556.0
24.20865797996521,89.59999999999997,30304.0
24.34063410758972,89.59999999999997,30354.0
24.473309993743896,95.19999999999999,30382.0
24.607918739318848,95.19999999999999,30446.0
24.741591930389404,95.19999999999999,30633.0
24.87722897529602,95.19999999999999,30702.0
25.009615421295166,95.19999999999999,30744.0
25.16867423057556,100.79999999999995,30487.0
25.306835889816284,100.79999999999995,30542.0
25.44377088546753,100.79999999999995,30618.0
25.581397771835327,100.79999999999995,30662.0
25.718034267425537,95.19999999999999,30753.0
25.856658697128296,100.79999999999995,30592.0
25.99629235267639,95.19999999999999,30450.0
26.135644674301147,100.79999999999995,30569.0
26.27423334121704,100.79999999999995,30650.0
26.414932250976562,100.79999999999995,30704.0
26.55988883972168,100.79999999999995,30747.0
26.702550172805786,100.79999999999995,30521.0
26.8471519947052,100.79999999999995,30522.0
26.990771293640137,106.39999999999998,30572.0
27.13435196876526,112.0,30774.0
27.276971578598022,106.39999999999998,30825.0
27.424411296844482,112.0,30878.0
27.571723222732544,112.0,30639.0
27.719482421875,106.39999999999998,30675.0
27.87010955810547,112.0,30689.0
28.02263116836548,140.2,30771.0
28.1833233833313,142.5,30953.0
28.33339548110962,112.0,30672.0
28.482993125915527,112.0,30655.0
28.636403799057007,140.2,30770.0
28.786800622940063,112.0,30810.0
28.938607931137085,106.39999999999998,30826.0
29.09223484992981,112.0,30584.0
29.24680757522583,106.39999999999998,30581.0
29.40139412879944,106.39999999999998,30594.0
29.55965256690979,112.0,30741.0
29.71642827987671,106.39999999999998,30787.0
29.873971223831177,112.0,30817.0
30.03130269050598,112.0,30571.0
30.19459867477417,112.0,30595.0
30.35779047012329,140.2,30698.0
30.519128799438477,140.2,30864.0
30.681705236434937,140.2,30940.0
30.845272064208984,142.5,30644.0
31.00883173942566,140.2,30715.0
31.172669410705566,112.0,30763.0
31.337229251861572,142.5,30868.0
31.503934383392334,142.5,30991.0
31.67046308517456,142.5,30722.0
31.840049982070923,142.5,30732.0
32.007601499557495,142.5,30853.0
32.173120737075806,142.5,30900.0
32.33968925476074,142.5,30952.0
32.510300636291504,142.5,30654.0
32.68384909629822,142.5,30720.0
32.85394024848938,142.5,30766.0
33.02664613723755,112.0,30858.0
33.20325207710266,140.2,30797.0
33.37978172302246,140.2,30592.0
33.55730581283569,140.2,30630.0
33.730801582336426,140.2,30728.0
33.90944528579712,140.2,30750.0
34.08852171897888,140.2,30560.0
34.26804804801941,142.5,30627.0
34.449108362197876,142.5,30769.0
34.63128399848938,142.5,30844.0
34.813724517822266,144.8,30653.0
34.99623775482178,140.2,30696.0
35.1777765750885,144.8,30753.0
35.362220287323,140.2,30856.0
35.54812479019165,142.5,30890.0
35.73763990402222,142.5,30611.0
35.92614006996155,142.5,30712.0
36.11574411392212,140.2,30806.0
36.3071813583374,144.8,30797.0
36.49765682220459,142.5,30605.0
36.685131549835205,144.8,30667.0
36.876542806625366,140.2,30813.0
37.067436933517456,147.1,30880.0
37.26141548156738,149.4,30657.0
37.451868295669556,149.4,30698.0
37.649455308914185,149.4,30772.0
37.8439359664917,149.4,30895.0
38.04092359542847,151.70000000000002,31001.0
38.25506377220154,147.1,30771.0
38.45424008369446,149.4,30841.0
38.65434765815735,154.0,30895.0
38.85584020614624,151.70000000000002,30963.0
39.05730843544006,147.1,30766.0
39.26172232627869,151.70000000000002,30894.0
39.467257022857666,151.70000000000002,30993.0
39.67274522781372,154.0,30811.0
39.88103914260864,156.3,30862.0
