time,force,ppg,sys_bp,dia_bp
0.13556742668151855,5.600000000000023,32083.0,143,97
0.22654485702514648,5.600000000000023,31951.0
0.3313920497894287,5.600000000000023,31830.0
0.4362142086029053,0,31790.0
0.60166335105896,0,31624.0
0.7054884433746338,0.0,31598.0
0.8101673126220703,0,31497.0
0.9148557186126709,0,31301.0
1.0823729038238525,0,30889.0
1.186096429824829,0,30831.0
1.2909672260284424,0,30752.0
1.3956735134124756,0,30597.0
1.5650861263275146,0,30219.0
1.6690423488616943,0,30179.0
1.7729008197784424,0,30200.0
1.877859115600586,0,30244.0
2.0433881282806396,0,29729.0
2.147101640701294,0,29661.0
2.252875566482544,0,29639.0
2.3566060066223145,0,29655.0
2.5253114700317383,0,29530.0
2.6303317546844482,0,29338.0
2.734128475189209,0,29282.0
2.8378336429595947,0,29316.0
3.005833387374878,0,29520.0
3.1087753772735596,0,29666.0
3.214271306991577,0,29580.0
3.3189921379089355,0,29393.0
3.4875450134277344,0,29522.0
3.5914347171783447,0.0,29653.0
3.698162794113159,0,29734.0
3.8018863201141357,0,29788.0
3.967991828918457,0,29406.0
4.072712182998657,0.0,29393.0
4.176555633544922,0,29528.0
4.282171249389648,0.0,29637.0
4.447969436645508,0.0,29801.0
4.552698850631714,0.0,29630.0
4.658352851867676,0,29413.0
4.7630815505981445,0,29352.0
4.929658889770508,0,29649.0
5.032416343688965,0,29729.0
5.137090682983398,0,29813.0
5.242902040481567,5.600000000000023,29684.0
5.408344030380249,11.199999999999989,30325.0
5.514159917831421,27.999999999999943,30704.0
5.618940830230713,22.399999999999977,30980.0
5.722707986831665,11.199999999999989,31092.0
5.89105749130249,11.199999999999989,30577.0
5.993863105773926,16.80000000000001,30441.0
6.097773313522339,11.199999999999989,30453.0
6.203307628631592,5.600000000000023,30449.0
6.372006416320801,5.600000000000023,30500.0
6.475654125213623,11.199999999999989,30588.0
6.580772638320923,11.199999999999989,30403.0
6.685449123382568,5.600000000000023,30158.0
6.851068496704102,11.199999999999989,30295.0
6.955918550491333,11.199999999999989,30396.0
7.0594892501831055,5.600000000000023,30508.0
7.164285182952881,11.199999999999989,30623.0
7.332756519317627,11.199999999999989,30402.0
7.436526536941528,11.199999999999989,30318.0
7.54219651222229,11.199999999999989,30394.0
7.645946025848389,11.199999999999989,30485.0
7.814468860626221,16.80000000000001,30805.0
7.918237209320068,16.80000000000001,30899.0
8.024001836776733,11.199999999999989,30941.0
8.127664804458618,11.199999999999989,30684.0
8.29622507095337,11.199999999999989,30578.0
8.400924444198608,11.199999999999989,30625.0
8.504722595214844,11.199999999999989,30685.0
8.610360145568848,11.199999999999989,30762.0
8.776074409484863,11.199999999999989,30539.0
8.880698442459106,11.199999999999989,30423.0
8.985576629638672,11.199999999999989,30434.0
9.091073989868164,11.199999999999989,30493.0
9.258641481399536,11.199999999999989,30690.0
9.361416101455688,11.199999999999989,30771.0
9.466071367263794,11.199999999999989,30802.0
9.571863412857056,5.600000000000023,30541.0
9.737353801727295,11.199999999999989,30407.0
9.842344522476196,11.199999999999989,30500.0
9.947064399719238,11.199999999999989,30600.0
10.052095174789429,11.199999999999989,30680.0
10.219517230987549,11.199999999999989,30693.0
10.322482347488403,11.199999999999989,30486.0
10.42696213722229,11.199999999999989,30465.0
10.531684875488281,16.80000000000001,30519.0
10.698239088058472,11.199999999999989,30727.0
10.804191827774048,5.600000000000023,30832.0
10.908948183059692,11.199999999999989,30894.0
11.012659311294556,16.80000000000001,30649.0
11.18021035194397,11.199999999999989,30563.0
11.284091711044312,16.80000000000001,30650.0
11.387980222702026,16.80000000000001,30777.0
11.493615627288818,16.80000000000001,30883.0
11.661027193069458,16.80000000000001,30760.0
11.764850854873657,22.399999999999977,30604.0
11.869561195373535,22.399999999999977,30608.0
11.975162029266357,22.399999999999977,30694.0
12.139724493026733,16.80000000000001,30976.0
12.2445387840271,16.80000000000001,31062.0
12.348381042480469,22.399999999999977,31133.0
12.454180717468262,22.399999999999977,31012.0
12.621744394302368,22.399999999999977,30829.0
12.7255539894104,33.599999999999966,30881.0
12.830262422561646,33.599999999999966,30962.0
12.934897184371948,33.599999999999966,31048.0
13.103455781936646,33.599999999999966,31130.0
13.208218574523926,27.999999999999943,30935.0
13.312039375305176,27.999999999999943,30863.0
13.41685962677002,33.599999999999966,30910.0
13.583338499069214,33.599999999999966,31132.0
13.68803882598877,39.19999999999999,31207.0
13.792740106582642,39.19999999999999,31275.0
13.896544218063354,39.19999999999999,31137.0
14.06404185295105,39.19999999999999,30964.0
14.169959783554077,27.999999999999943,30995.0
14.273922204971313,33.599999999999966,31045.0
14.377764463424683,33.599999999999966,31111.0
14.54356837272644,39.19999999999999,31229.0
14.649094581604004,39.19999999999999,31025.0
14.753931760787964,39.19999999999999,30943.0
14.857624292373657,39.19999999999999,30961.0
15.027098655700684,39.19999999999999,31094.0
15.131975173950195,39.19999999999999,31161.0
15.235952854156494,44.799999999999955,31221.0
15.340697526931763,44.799999999999955,31262.0
15.50615930557251,39.19999999999999,30985.0
15.610212326049805,44.799999999999955,31040.0
15.714930534362793,44.799999999999955,31086.0
15.818775653839111,50.39999999999998,31149.0
15.988471508026123,39.19999999999999,31266.0
16.094183206558228,44.799999999999955,31074.0
16.198906660079956,44.799999999999955,30975.0
16.30285120010376,39.19999999999999,30952.0
16.470187425613403,39.19999999999999,31072.0
16.57391595840454,44.799999999999955,31131.0
16.67872905731201,44.799999999999955,31189.0
16.78350830078125,44.799999999999955,31248.0
16.950186729431152,39.19999999999999,30901.0
17.054996252059937,44.799999999999955,30933.0
17.15969491004944,44.799999999999955,30973.0
17.263428926467896,39.19999999999999,31028.0
17.430901527404785,39.19999999999999,31243.0
17.53478765487671,44.799999999999955,31314.0
17.63852572441101,50.39999999999998,31151.0
17.74504828453064,50.39999999999998,31006.0
17.909709692001343,56.0,31058.0
18.01543927192688,61.60000000000002,31139.0
18.121049404144287,61.60000000000002,31229.0
18.224915504455566,61.60000000000002,31300.0
18.39135479927063,61.60000000000002,31132.0
18.496081352233887,61.60000000000002,31096.0
18.59992003440857,61.60000000000002,31121.0
18.704490661621094,61.60000000000002,31162.0
18.873385667800903,56.0,31359.0
18.97913908958435,61.60000000000002,31450.0
19.08283805847168,61.60000000000002,31428.0
19.186569452285767,61.60000000000002,31170.0
19.35390305519104,61.60000000000002,31198.0
19.459093809127808,61.60000000000002,31250.0
19.562649250030518,67.19999999999999,31334.0
19.66836714744568,67.19999999999999,31416.0
19.834142684936523,72.80000000000001,31284.0
19.937861680984497,61.60000000000002,31170.0
20.042593002319336,67.19999999999999,31151.0
20.148298501968384,67.19999999999999,31209.0
20.314855575561523,67.19999999999999,31374.0
20.42260479927063,67.19999999999999,31453.0
20.52437162399292,67.19999999999999,31544.0
20.628514528274536,67.19999999999999,31634.0
20.798059463500977,67.19999999999999,31193.0
20.909754991531372,67.19999999999999,31255.0
21.006866455078125,78.40000000000003,31277.0
21.111599683761597,72.80000000000001,31357.0
21.278151035308838,72.80000000000001,31649.0
21.388864517211914,78.40000000000003,31370.0
21.488579988479614,67.19999999999999,31211.0
21.592301845550537,72.80000000000001,31205.0
21.757868766784668,72.80000000000001,31366.0
21.86157751083374,72.80000000000001,31463.0
21.966678857803345,78.40000000000003,31557.0
22.07165551185608,78.40000000000003,31662.0
22.2381329536438,78.40000000000003,31207.0
22.342748880386353,78.40000000000003,31240.0
22.44754910469055,78.40000000000003,31293.0
22.55310344696045,78.40000000000003,31344.0
22.718714952468872,78.40000000000003,31632.0
22.8234601020813,72.80000000000001,31759.0
22.928032159805298,78.40000000000003,31621.0
23.03317165374756,78.40000000000003,31262.0
23.200264930725098,78.40000000000003,31309.0
23.315954446792603,78.40000000000003,31362.0
23.409135103225708,78.40000000000003,31447.0
23.513859748840332,78.40000000000003,31530.0
23.681945323944092,84.0,31249.0
23.800642251968384,84.0,31197.0
23.890424728393555,84.0,31212.0
23.996105909347534,89.59999999999997,31265.0
24.161674976348877,84.0,31480.0
24.28132939338684,84.0,31589.0
24.37060809135437,84.0,31716.0
24.476317405700684,84.0,31386.0
24.64188051223755,89.59999999999997,31242.0
24.746602535247803,84.0,31281.0
24.852317094802856,89.59999999999997,31376.0
24.955037117004395,84.0,31493.0
25.12561321258545,89.59999999999997,31814.0
25.24928903579712,89.59999999999997,31329.0
25.338051557540894,89.59999999999997,31209.0
25.43878936767578,95.19999999999999,31211.0
25.60534358024597,89.59999999999997,31474.0
25.731998443603516,100.79999999999995,31615.0
25.82574725151062,100.79999999999995,31779.0
25.91950249671936,95.19999999999999,31879.0
26.086059093475342,100.79999999999995,31262.0
26.214706659317017,100.79999999999995,31274.0
26.30945658683777,100.79999999999995,31392.0
26.403233289718628,95.19999999999999,31450.0
26.565972089767456,100.79999999999995,31812.0
26.683483362197876,95.19999999999999,31880.0
26.78022527694702,95.19999999999999,31815.0
26.88097858428955,95.19999999999999,31340.0
27.04662585258484,100.79999999999995,31441.0
27.157217025756836,95.19999999999999,31503.0
27.25496506690979,100.79999999999995,31637.0
27.359684705734253,95.19999999999999,31746.0
27.52823042869568,95.19999999999999,31321.0
27.65889000892639,89.59999999999997,31287.0
27.760602712631226,89.59999999999997,31322.0
27.857343435287476,89.59999999999997,31376.0
28.007953882217407,89.59999999999997,31588.0
28.140585899353027,89.59999999999997,31697.0
28.238324403762817,89.59999999999997,31809.0
28.33406901359558,89.59999999999997,31595.0
28.48983669281006,89.59999999999997,31279.0
28.595369577407837,95.19999999999999,31335.0
28.700090646743774,95.19999999999999,31408.0
28.803850173950195,100.79999999999995,31533.0
28.97057342529297,95.19999999999999,31870.0
29.084062337875366,100.79999999999995,31716.0
29.190722942352295,100.79999999999995,31315.0
29.292385816574097,100.79999999999995,31315.0
29.450968980789185,100.79999999999995,31526.0
29.574639320373535,100.79999999999995,31680.0
29.67935013771057,106.39999999999998,31792.0
29.78706169128418,106.39999999999998,31880.0
29.93170928955078,106.39999999999998,31326.0
30.038389444351196,106.39999999999998,31406.0
30.147098541259766,100.79999999999995,31483.0
30.254810571670532,100.79999999999995,31566.0
30.41439199447632,100.79999999999995,31873.0
30.553013801574707,100.79999999999995,31739.0
30.65973401069641,100.79999999999995,31326.0
30.76843762397766,100.79999999999995,31297.0
30.894126415252686,100.79999999999995,31526.0
31.01280975341797,106.39999999999998,31718.0
31.12448477745056,106.39999999999998,31845.0
31.235188245773315,112.0,31931.0
31.375367879867554,112.0,31370.0
31.491055965423584,112.0,31381.0
31.607742071151733,112.0,31495.0
31.716477394104004,140.2,31578.0
31.85408639907837,142.5,31952.0
31.983747959136963,140.2,32007.0
32.101447343826294,112.0,31980.0
32.214120388031006,112.0,31428.0
32.335800647735596,140.2,31622.0
32.44649815559387,140.2,31697.0
32.563186168670654,140.2,31852.0
32.677887201309204,140.2,31944.0
32.8175163269043,142.5,31523.0
32.95214533805847,112.0,31405.0
33.07980489730835,112.0,31437.0
33.19349980354309,112.0,31577.0
33.313180446624756,112.0,31923.0
33.43287014961243,112.0,31991.0
33.553537130355835,106.39999999999998,32041.0
33.67620873451233,142.5,32061.0
33.80287003517151,112.0,31468.0
33.9245445728302,140.2,31640.0
34.04723048210144,140.2,31710.0
34.16589879989624,142.5,31864.0
34.29256081581116,140.2,32058.0
34.41329288482666,142.5,31798.0
34.541935443878174,142.5,31448.0
34.66959524154663,142.5,31472.0
34.799248456954956,142.5,31836.0
34.92294478416443,142.5,31955.0
35.0535671710968,142.5,32017.0
35.18122577667236,142.5,32058.0
35.309882164001465,142.5,31444.0
35.43556618690491,144.8,31515.0
35.568196296691895,140.2,31765.0
35.70383071899414,140.2,32016.0
35.85044527053833,140.2,32060.0
35.97909140586853,142.5,31931.0
36.11273431777954,142.5,31450.0
36.241389751434326,142.5,31649.0
36.37503266334534,142.5,31750.0
36.50468564033508,142.5,31902.0
36.66430449485779,142.5,32076.0
36.82282614707947,140.2,31547.0
36.965444564819336,144.8,31477.0
37.09911894798279,144.8,31539.0
37.235724449157715,144.8,31921.0
37.370365142822266,144.8,31998.0
37.5090012550354,144.8,32080.0
37.64464545249939,144.8,31520.0
37.78328084945679,147.1,31688.0
37.92687177658081,147.1,31756.0
38.0694785118103,149.4,31882.0
38.210108518600464,147.1,32072.0
38.354727268218994,147.1,31470.0
38.492347240448,142.5,31456.0
38.63396859169006,147.1,31765.0
38.77459359169006,147.1,31904.0
38.92419195175171,147.1,31981.0
39.066908836364746,149.4,31458.0
39.21142387390137,149.4,31582.0
39.354562759399414,151.70000000000002,31728.0
39.50369215011597,154.0,31823.0
39.648797035217285,154.0,32043.0
39.79542660713196,151.70000000000002,32040.0
39.94701266288757,149.4,31428.0
